Date,Open,High,Low,Close,Volume
2020-08-20,23.1228256225586,23.19350369785763,23.1228256225586,23.19350369785763,62000.0
2020-08-21,23.08562469482422,23.09120500937001,22.97960758735837,23.081905076387304,143900.0
2020-08-24,23.44087600708008,23.44087600708008,23.37484878309513,23.37484878309513,14000.0
2020-08-25,23.463191986083984,23.463191986083984,23.39344515376565,23.40739416547317,27400.0
2020-08-26,23.406465530395508,23.47249274684069,23.378565732215133,23.398095058807154,99600.0
2020-08-27,23.55619239807129,23.584092198656545,23.44459496951124,23.50969450421016,79200.0
2020-08-28,23.618497848510746,23.618497848510746,23.51899229376752,23.52829045266737,6000.0
2020-08-31,23.45110321044922,23.491093099381693,23.45110321044922,23.453893367703188,6800.0
2020-09-01,23.403675079345703,23.41669463024358,23.403675079345703,23.41669463024358,400.0
2020-09-02,23.864011764526367,24.24437069622041,23.69568705304387,23.73288678590101,188300.0
2020-09-03,23.37205696105957,23.84448221168517,23.24000074871351,23.370196264921933,147600.0
2020-09-04,23.391584396362305,23.50039165398136,23.1470013188856,23.17490111600812,56600.0
2020-09-08,22.889404296875,23.00750973286128,22.889404296875,22.961011836986227,33600.0
2020-09-09,23.16653251647949,23.277200479027105,23.06330556470085,23.119105163454247,5300.0
2020-09-10,22.85127067565918,22.85127067565918,22.85127067565918,22.85127067565918,0.0
2020-09-11,22.96658706665039,22.96658706665039,22.83081124363871,22.85871104140934,35000.0
2020-09-14,23.370195388793945,23.41669505268292,23.165602189024888,23.165602189024888,200700.0
2020-09-15,23.27069091796875,23.43529601087046,23.27069091796875,23.37019647839074,187700.0
2020-09-16,23.453895568847656,23.611990895756847,23.453895568847656,23.5096951716022,212800.0
2020-09-17,23.331138610839844,23.332999307057296,23.24558206045607,23.332999307057296,40000.0
2020-09-18,23.17862319946289,23.33299890048818,23.099576426546136,23.33299890048818,140800.0
2020-09-21,22.611337661743164,22.611337661743164,22.45882267052136,22.496022400652937,24200.0
2020-09-22,22.68573570251465,22.69131601687769,22.668067072072745,22.68201608419956,6000.0
2020-09-23,22.2337703704834,22.72851506719644,22.2337703704834,22.72851506719644,38800.0
2020-09-24,22.282129287719727,22.38442678000845,22.10543587676036,22.114735810039416,29100.0
2020-09-25,22.56112098693848,22.589020785566458,22.198432473678885,22.198432473678885,30600.0
2020-09-28,22.89405059814453,22.951709117251045,22.89405059814453,22.951709117251045,700.0
2020-09-29,22.75362205505371,22.79361194020673,22.66248520434792,22.67271459745848,48700.0
2020-09-30,22.92194938659668,23.10050347670582,22.86801048823155,22.979606129381988,85600.0
2020-10-01,22.889404296875,22.889404296875,22.83081453573024,22.88661413931753,10400.0
2020-10-02,23.006576538085938,23.081903684789324,22.77501300998568,22.77501300998568,28400.0
2020-10-05,23.37112808227539,23.3980966473675,23.272550207703315,23.33299888764109,71500.0
2020-10-06,23.18792152404785,23.67708592330948,23.166531501418188,23.54689041281794,132200.0
2020-10-07,23.54409980773925,23.60268778634592,23.425994389406053,23.56548982996201,109300.0
2020-10-08,23.81658363342285,23.81658363342285,23.69568627936541,23.69568627936541,8200.0
2020-10-09,23.84541130065918,23.89097972723117,23.835180133494244,23.835180133494244,2800.0
2020-10-12,24.03791618347168,24.05837674553861,24.01652793402192,24.01652793402192,22800.0
2020-10-13,23.857500076293945,24.011875762471075,23.84448052559374,24.00257583000225,81600.0
2020-10-14,23.742185592651367,23.95607872508893,23.742185592651367,23.95607872508893,8100.0
2020-10-15,23.82588577270508,23.863083734011468,23.537593147120823,23.57479288220821,73600.0
2020-10-16,23.832395553588867,23.93748143504721,23.832395553588867,23.93748143504721,4600.0
2020-10-19,23.477144241333008,23.68638652516813,23.477144241333008,23.68638652516813,18500.0
2020-10-20,23.621288299560547,23.83518143253397,23.621288299560547,23.821232420229865,8800.0
2020-10-21,23.50039291381836,23.64918829222051,23.50039291381836,23.61198856072956,59100.0
2020-10-22,23.70498847961425,23.718937493424,23.53759321877343,23.53759321877343,25200.0
2020-10-23,23.842622756958008,23.842622756958008,23.842622756958008,23.842622756958008,600.0
2020-10-26,23.31998062133789,23.31998062133789,23.15816567430248,23.15816567430248,5300.0
2020-10-27,22.99913787841797,23.212099773233973,22.99913787841797,23.193501681704284,47200.0
2020-10-28,22.331418991088867,22.59831980225724,22.331418991088867,22.36582679287689,42900.0
2020-10-29,22.575071334838867,22.635520015218383,22.575071334838867,22.61692014836608,7900.0
2020-10-30,22.438364028930664,22.449522883774144,22.28212764465649,22.31932737502965,41800.0
2020-11-02,22.98053932189941,23.00750788648897,22.812214610948985,22.87731236946232,55300.0
2020-11-03,23.528291702270508,23.556191501794213,23.44459407748027,23.54689156861965,34000.0
2020-11-04,23.620359420776367,23.85378188624291,23.620359420776367,23.79798406186997,34400.0
2020-11-05,24.01187896728516,24.04907870212542,23.956081138805743,24.03977876841536,6300.0
2020-11-06,23.782176971435547,24.00257990968793,23.734747839917304,24.00257990968793,14200.0
2020-11-09,24.658206939697266,24.658206939697266,24.658206939697266,24.658206939697266,100.0
2020-11-10,24.935340881347656,24.96045052458862,24.876752896306048,24.876752896306048,6600.0
2020-11-11,24.90836906433105,24.951147334110395,24.848849852055658,24.951147334110395,51900.0
2020-11-12,24.571720123291016,24.83025221647071,24.503832212303404,24.83025221647071,4400.0
2020-11-13,25.10552406311035,25.10552406311035,25.10552406311035,25.10552406311035,100.0
2020-11-16,25.55562973022461,25.55562973022461,25.49983190776548,25.55562973022461,900.0
2020-11-17,25.52494430541992,25.583532291396704,25.36963913738532,25.36963913738532,66400.0
2020-11-18,25.28594017028809,25.60213080461549,25.28594017028809,25.60213080461549,12900.0
2020-11-19,25.319419860839844,25.319419860839844,25.109246325467545,25.16132453524677,8000.0
2020-11-20,25.21712112426757,25.3231382348704,25.21712112426757,25.3231382348704,17300.0
2020-11-23,25.636537551879883,25.713725398021086,25.46263253277482,25.46263253277482,58000.0
2020-11-24,26.194522857666016,26.21591288199902,26.085715587358752,26.122915321193386,62800.0
2020-11-25,25.994579315185547,26.01131848628025,25.946220724366977,25.946220724366977,25400.0
2020-11-27,25.93878173828125,25.93878173828125,25.93878173828125,25.93878173828125,0.0
2020-11-30,25.59096908569336,25.602129714593524,25.59096908569336,25.602129714593524,2000.0
2020-12-01,25.883913040161133,26.020618339757693,25.883913040161133,26.020618339757693,17500.0
2020-12-02,26.01782417297364,26.02061433001436,25.909018691069694,25.909018691069694,10200.0
2020-12-03,26.067115783691406,26.136862619383127,26.067115783691406,26.136862619383127,8200.0
2020-12-04,26.48467254638672,26.48467254638672,26.4019043860315,26.4019043860315,6200.0
2020-12-07,26.33773803710937,26.33773803710937,26.32750864239777,26.32750864239777,5100.0
2020-12-08,26.424224853515625,26.424224853515625,26.41027584067307,26.41027584067307,15700.0
2020-12-09,26.61393928527832,26.61393928527832,26.39260513576957,26.39260513576957,4100.0
2020-12-10,26.39632606506348,26.39632606506348,26.36470664800523,26.36470664800523,20000.0
2020-12-11,26.252182006835938,26.252182006835938,26.20196271971788,26.22521344080941,8000.0
2020-12-14,26.151742935180664,26.151742935180664,26.151742935180664,26.151742935180664,100.0
2020-12-15,26.43667221069336,26.45161996590566,26.204058127077253,26.204058127077253,2900.0
2020-12-16,26.440406799316406,26.484314602082737,26.39089514784867,26.47497247847654,14600.0
2020-12-17,26.487117767333984,26.52168166512294,26.437604333384115,26.437604333384115,6000.0
2020-12-18,26.39089775085449,26.474975089775143,26.2507694465961,26.474975089775143,8900.0
2020-12-21,26.197519302368164,26.197519302368164,26.197519302368164,26.197519302368164,100.0
2020-12-22,26.065797805786133,26.11997962963839,26.065797805786133,26.11997962963839,1000.0
2020-12-23,26.303083419799805,26.381555126150488,26.303083419799805,26.381555126150488,7300.0
2020-12-24,26.302146911621094,26.302146911621094,26.194715165892617,26.23208187744573,2100.0
2020-12-28,26.34698867797852,26.38155435888733,26.34698867797852,26.38155435888733,200.0
2020-12-29,26.232084274291992,26.288135237657,26.232084274291992,26.26945277108733,22800.0
2020-12-30,26.369409561157227,26.372212376578734,26.333910202198087,26.353528128320665,44200.0
2020-12-31,26.57212829589844,26.57212829589844,26.380619217477275,26.400237142406024,7100.0
2021-01-04,26.22834587097168,26.22834587097168,26.21339811697647,26.21339811697647,200.0
2021-01-05,26.45722389221192,26.559051799872567,26.297477664776125,26.297477664776125,32100.0
2021-01-06,27.15693092346192,27.278376746091567,27.09807714956219,27.166273046881724,12600.0
2021-01-07,27.406360626220703,27.48389864846268,27.33442823450482,27.33442823450482,19700.0
2021-01-08,27.366191864013672,27.43251862705911,27.366191864013672,27.43251862705911,100.0
2021-01-11,27.39702033996582,27.4091652796442,27.39702033996582,27.39982315541683,2800.0
2021-01-12,27.63337135314941,27.63337135314941,27.44653242929973,27.51192729992674,51000.0
2021-01-13,27.538084030151367,27.59600413111856,27.47455829829625,27.483900422500124,14400.0
2021-01-14,27.666065216064453,27.666065216064453,27.666065216064453,27.666065216064453,100.0
2021-01-15,27.47735977172852,27.521265793331505,27.34377078761096,27.34377078761096,18300.0
2021-01-19,27.620290756225582,27.68942033345552,27.60627846158074,27.68942033345552,6200.0
2021-01-20,27.74547576904297,27.74547576904297,27.652056304743645,27.71744939520475,77000.0
2021-01-21,27.610015869140625,27.633370288264835,27.610015869140625,27.62402816424956,9900.0
2021-01-22,27.512859344482425,27.512859344482425,27.420373565937226,27.420373565937226,2500.0
2021-01-25,27.46428298950196,27.46428298950196,27.41103305876629,27.41850782736044,13500.0
2021-01-26,27.35498237609864,27.45587482579245,27.35498237609864,27.43719235868474,8400.0
2021-01-27,26.76363754272461,27.1102226671412,26.76363754272461,27.1102226671412,18200.0
2021-01-28,26.960752487182617,27.091538655333785,26.960752487182617,27.091538655333785,3600.0
2021-01-29,26.519813537597656,26.519813537597656,26.46562993427397,26.46562993427397,29900.0
2021-02-01,26.736547470092773,26.801940555651115,26.68049472661881,26.696376159086977,5000.0
2021-02-02,27.11863136291504,27.1662756623948,27.11863136291504,27.15693353807556,14400.0
2021-02-03,27.204574584960938,27.204574584960938,27.085931580302333,27.09153721058928,30200.0
2021-02-04,27.503517150878903,27.503517150878903,27.393282584633653,27.418506140702704,2400.0
2021-02-05,27.53621292114257,27.586660031866145,27.53621292114257,27.57731790833112,21600.0
2021-02-08,27.83234977722168,27.83888908524216,27.726787171127583,27.726787171127583,8400.0
2021-02-09,27.868785858154297,27.922967680312503,27.81646960978588,27.81646960978588,46700.0
2021-02-10,27.940719604492188,28.044414864792632,27.857575947949822,27.964074023640546,22900.0
2021-02-11,27.909889221191406,27.909889221191406,27.909889221191406,27.909889221191406,600.0
2021-02-12,28.047218322753903,28.047218322753903,27.950996046737743,27.950996046737743,23300.0
2021-02-16,28.11167526245117,28.18454311699941,28.11167526245117,28.17520099298923,1900.0
2021-02-17,28.193883895874023,28.193883895874023,28.06309772962722,28.06309772962722,78500.0
2021-02-18,28.01078224182129,28.078978142048403,27.950994787578853,27.96033691139697,23700.0
2021-02-19,28.186412811279297,28.240594637049423,28.186412811279297,28.240594637049423,5300.0
2021-02-22,28.280765533447266,28.280765533447266,28.280765533447266,28.280765533447266,100.0
2021-02-23,28.356433868408203,28.362039499098785,28.147174213629903,28.17520058525487,84900.0
2021-02-24,28.745990753173828,28.782423788254523,28.56756028904972,28.59558666009605,3500.0
2021-02-25,28.182674407958984,28.21256991797729,28.182674407958984,28.21256991797729,55000.0
2021-02-26,27.850101470947266,27.850101470947266,27.850101470947266,27.850101470947266,100.0
2021-03-01,28.3667106628418,28.3667106628418,28.3667106628418,28.3667106628418,100.0
2021-03-02,28.32747459411621,28.48348432525902,28.305987530432954,28.36204027521676,279300.0
2021-03-03,28.24059295654297,28.490955811847755,28.24059295654297,28.390063371107853,2300.0
2021-03-04,27.9846248626709,28.275159031874804,27.9846248626709,28.24993547587955,44600.0
2021-03-05,28.698347091674805,28.698347091674805,28.137833912974404,28.218172971127206,9200.0
2021-03-08,28.973934173583984,29.129943904260223,28.973934173583984,29.09070805212569,28900.0
2021-03-09,28.89266014099121,29.081366418294213,28.89266014099121,29.078565384661367,18600.0
2021-03-10,29.191600799560547,29.191600799560547,29.05334163779896,29.100050476967173,1800.0
2021-03-11,29.27287483215332,29.46438570230362,29.27287483215332,29.352281995609296,9900.0
2021-03-12,29.49614524841309,29.49614524841309,29.45504204295759,29.45504204295759,700.0
2021-03-15,29.677379608154297,29.677379608154297,29.51109407916724,29.595171412416097,400.0
2021-03-16,29.52230262756348,29.5578019845228,29.48493591498034,29.48493591498034,6000.0
2021-03-17,29.697933197021484,29.697933197021484,29.47466124527813,29.47466124527813,400.0
2021-03-18,29.588632583618164,29.77266868554265,29.588632583618164,29.753984437444863,5100.0
2021-03-19,29.513896942138672,29.67924879355116,29.513896942138672,29.65122242181367,14800.0
2021-03-22,29.556869506835938,29.56714530866784,29.556869506835938,29.56714530866784,14700.0
2021-03-23,29.17291641235352,29.36629284687984,29.109390684712167,29.36629284687984,1500.0
2021-03-24,29.203744888305664,29.52977842059612,29.203744888305664,29.52977842059612,3900.0
2021-03-25,29.566211700439453,29.566211700439453,29.32425549966925,29.33359762367333,3600.0
2021-03-26,30.046384811401367,30.046384811401367,29.73436712721265,29.73436712721265,800.0
2021-03-29,29.979124069213867,30.090292317483023,29.903453398152884,29.94082189475011,12400.0
2021-03-30,29.92213630676269,30.02489788597618,29.9137296426843,29.9137296426843,16600.0
2021-03-31,29.90065193176269,29.982861910355464,29.90065193176269,29.982861910355464,3500.0
2021-04-01,30.179975509643555,30.17997550964356,29.95016602479768,29.95016602479768,5100.0
2021-04-05,30.42846870422364,30.42846870422364,30.35746998687708,30.35746998687708,2700.0
2021-04-06,30.35934066772461,30.66949276929352,30.35934066772461,30.417260767306367,18200.0
2021-04-07,30.350929260253903,30.35840581007241,30.342522596277814,30.35840581007241,800.0
2021-04-08,30.32477378845215,30.333184016572577,30.267790929280267,30.267790929280267,5000.0
2021-04-09,30.48078155517578,30.48078155517578,30.38923123886824,30.38923123886824,2300.0
2021-04-12,30.54898262023925,30.55738928509325,30.47331194558482,30.55738928509325,8900.0
2021-04-13,30.442481994628903,30.59475343655776,30.33318111243181,30.463967274494784,14300.0
2021-04-14,30.577003479003903,30.865670282746432,30.55738555430232,30.697515624259776,11200.0
2021-04-15,30.73955535888672,30.73955535888672,30.73955535888672,30.73955535888672,100.0
2021-04-16,30.915184020996094,30.968435734984705,30.856330239525043,30.86567414597476,7800.0
2021-04-19,30.76477813720703,30.886223968451024,30.734886191067925,30.886223968451024,17100.0
2021-04-20,30.54337501525879,30.54337501525879,30.45929768118383,30.48265388207084,12300.0
2021-04-21,30.83670997619629,30.83670997619629,30.83670997619629,30.83670997619629,0.0
2021-04-22,30.555519104003903,30.555519104003903,30.555519104003903,30.555519104003903,100.0
2021-04-23,30.807748794555664,30.807748794555664,30.78159156280199,30.800275808862548,6900.0
2021-04-26,30.88248443603516,30.95908878129574,30.875011449804628,30.95908878129574,25800.0
2021-04-27,30.94974708557129,30.94974708557129,30.94974708557129,30.94974708557129,0.0
2021-04-28,31.01700782775879,31.031020121923028,30.903038555208816,30.996456225407528,9600.0
2021-04-29,31.268308639526367,31.268308639526367,31.02448329784748,31.18329762628828,37200.0
2021-04-30,30.992721557617188,30.992721557617188,30.992721557617188,30.992721557617188,100.0
2021-05-03,31.249624252319336,31.30473975535411,31.249624252319336,31.30473975535411,10400.0
2021-05-04,31.30474090576172,31.30474090576172,31.02448430001693,31.0338282062802,24200.0
2021-05-05,31.416841506958008,31.416841506958004,31.24868685696386,31.24868685696386,2400.0
2021-05-06,31.653194427490234,31.653194427490234,31.463554473373005,31.463554473373005,500.0
2021-05-07,31.95493507385254,31.95493507385254,31.95493507385254,31.95493507385254,100.0
2021-05-10,31.95493507385254,32.248270246253746,31.95493507385254,32.117484090638904,6700.0
2021-05-11,31.513071060180664,31.6317123076414,31.513071060180664,31.6317123076414,10400.0
2021-05-12,31.008602142333984,31.454208790900967,31.008602142333984,31.426184201688297,5700.0
2021-05-13,31.436464309692383,31.48037211633274,31.25803204944705,31.370137542612568,11400.0
2021-05-14,31.82508659362793,31.82508659362793,31.72979799814382,31.72979799814382,1200.0
2021-05-17,31.873659133911133,31.873659133911133,31.873659133911133,31.873659133911133,1000.0
2021-05-18,31.578458786010746,31.725124602135303,31.578458786010746,31.687756107921043,3600.0
2021-05-19,31.35892677307129,31.35892677307129,31.16461485825326,31.16461485825326,2600.0
2021-05-20,31.548566818237305,31.548566818237305,31.472896143510148,31.472896143510148,1100.0
2021-05-21,31.61115837097168,31.79799373271949,31.556972980047448,31.79799373271949,4200.0
2021-05-24,31.762495040893555,31.762495040893555,31.725126544391543,31.725126544391543,600.0
2021-05-25,31.506526947021484,31.67374436879877,31.47756511621817,31.67374436879877,8700.0
2021-05-26,31.6317081451416,31.6317081451416,31.51960622184904,31.51960622184904,11800.0
2021-05-27,31.81574058532715,31.832557476473934,31.75315210064585,31.82788552387944,5300.0
2021-05-28,31.793323516845703,31.827887415325403,31.771834671827392,31.799862825404343,1900.0
2021-06-01,31.95960998535156,31.96802021396863,31.865258623967865,31.96802021396863,1400.0
2021-06-02,31.969884872436523,32.02406669663368,31.93998936315016,32.02406669663368,3400.0
2021-06-03,31.98389434814453,32.00537962762957,31.98389434814453,31.996972964119003,700.0
2021-06-04,32.16886901855469,32.16886901855469,32.16886901855469,32.16886901855469,1000.0
2021-06-07,32.07358169555664,32.07358169555664,32.01472791561398,32.02406825816498,800.0
2021-06-08,32.052093505859375,32.089458436330254,32.052093505859375,32.084790047306235,22000.0
2021-06-09,31.918506622314453,31.918506622314453,31.918506622314453,31.918506622314453,42000.0
2021-06-10,31.87553024291992,31.97735814732511,31.87553024291992,31.95867389930956,2600.0
2021-06-11,31.96895217895508,31.96895217895508,31.9026254134323,31.9026254134323,2200.0
2021-06-14,31.788650512695312,31.788650512695312,31.70644053768149,31.70644053768149,1200.0
2021-06-15,31.85871696472168,31.85871696472168,31.85871696472168,31.85871696472168,700.0
2021-06-16,31.66720390319824,31.74380824578449,31.66720390319824,31.73446790423636,3000.0
2021-06-17,31.200109481811523,31.200109481811523,31.15993995357976,31.18329615372445,1500.0
2021-06-18,30.670425415039062,30.84698674139176,30.670425415039062,30.84698674139176,25200.0
2021-06-21,31.20198440551757,31.20198440551757,30.734888851923937,30.734888851923937,500.0
2021-06-22,31.268308639526367,31.304739894539274,31.25803105569997,31.25803105569997,10000.0
2021-06-23,31.23280906677246,31.323425715405644,31.23280906677246,31.31408537263124,4400.0
2021-06-24,31.4271183013916,31.4271183013916,31.4271183013916,31.4271183013916,1600.0
2021-06-25,31.70177459716797,31.70177459716797,31.528947969824607,31.528947969824607,300.0
2021-06-28,31.54202651977539,31.54202651977539,31.527080546343605,31.527080546343605,500.0
2021-06-29,31.46355438232422,31.48223863068576,31.454210476315453,31.454210476315453,30100.0
2021-06-30,31.562576293945312,31.562576293945312,31.562576293945312,31.562576293945312,0.0
2021-07-01,31.78678703308105,31.85591483618364,31.72512865338826,31.72512865338826,3000.0
2021-07-02,31.88113212585449,31.88113212585449,31.88113212585449,31.88113212585449,100.0
2021-07-06,31.486909866333008,31.486909866333008,31.314083245668208,31.351451741539936,1300.0
2021-07-07,31.53641891479492,31.55230212877101,31.53641891479492,31.538286270443,400.0
2021-07-08,31.139389038085938,31.145928346632136,31.139389038085938,31.145928346632136,10100.0
2021-07-09,31.74100685119629,31.74100685119629,31.62236206385447,31.631705968951945,1600.0
2021-07-12,31.837230682373047,31.837230682373047,31.811069885007413,31.81854643491521,900.0
2021-07-13,31.571918487548828,31.650390184744303,31.571918487548828,31.62236203313475,4500.0
2021-07-14,31.51586532592773,31.5242719894702,31.51586532592773,31.5242719894702,200.0
2021-07-15,31.45701789855957,31.45701789855957,31.370139521349536,31.4448729578511,1700.0
2021-07-16,31.14125633239746,31.14125633239746,31.14125633239746,31.14125633239746,800.0
2021-07-19,30.540571212768555,30.58541269112008,30.37054564067689,30.510675705982344,2200.0
2021-07-20,31.16367721557617,31.16367721557617,31.08987390625756,31.08987390625756,500.0
2021-07-21,31.44486618041992,31.463550426432302,31.435525839241503,31.454206521598344,9400.0
2021-07-22,31.30193901062012,31.360792789297133,31.26737511117184,31.360792789297133,1900.0
2021-07-23,31.53268241882324,31.53268241882324,31.46355106354313,31.46355106354313,200.0
2021-07-26,31.61488914489746,31.706439458574927,31.54762870813808,31.54762870813808,7000.0
2021-07-27,31.584999084472656,31.584999084472656,31.491577846008344,31.500921751682707,12400.0
2021-07-28,31.62516593933105,31.69709832685568,31.62516593933105,31.69709832685568,400.0
2021-07-29,31.793323516845703,31.893280500911807,31.793323516845703,31.883940158823417,7700.0
2021-07-30,31.63263893127441,31.63263893127441,31.6148883629152,31.63170525351692,800.0
2021-08-02,31.604616165161133,31.874595162514765,31.604616165161133,31.874595162514765,2000.0
2021-08-03,31.84003448486328,31.84003448486328,31.84003448486328,31.84003448486328,100.0
2021-08-04,31.474767684936523,31.762497288317824,31.474767684936523,31.729800742479043,4200.0
2021-08-05,31.62516593933105,31.62516593933105,31.538284016722667,31.56164021527785,400.0
2021-08-06,31.849369049072266,31.89327684826761,31.79051527878485,31.883936507248947,35700.0
2021-08-09,31.75408744812012,31.84657144515123,31.75408744812012,31.84657144515123,300.0
2021-08-10,31.91943550109864,32.07077682885409,31.90262217378512,31.90262217378512,6400.0
2021-08-11,32.179141998291016,32.179141998291016,32.12682753099813,32.12682753099813,900.0
2021-08-12,32.198760986328125,32.22024983157257,32.108144343396795,32.108144343396795,5500.0
2021-08-13,32.151119232177734,32.151119232177734,32.151119232177734,32.151119232177734,2800.0
2021-08-16,32.13990783691406,32.16419771619253,32.09880462863973,32.10814497100899,1200.0
2021-08-17,31.897953033447266,31.897953033447266,31.83816557748977,31.8839407382321,9500.0
2021-08-18,31.62890625,32.75274086708638,31.62890625,31.883942869122283,13600.0
2021-08-19,31.42057991027832,31.5196067818745,31.398160950683835,31.500922533717787,5300.0
2021-08-20,31.66066551208496,31.706440670673626,31.66066551208496,31.687756423380485,300.0
2021-08-23,31.974559783935547,31.974559783935547,31.92130806899905,31.92130806899905,2700.0
2021-08-24,32.07078170776367,32.145515141577015,31.930651619336405,32.06143780125189,7700.0
2021-08-25,32.259483337402344,32.28564057001,32.259483337402344,32.26695632333944,7800.0
2021-08-26,32.025936126708984,32.03340911276909,32.00538096047402,32.02406520745216,3800.0
2021-08-27,32.32581329345703,32.34169294468676,32.318340306780925,32.318340306780925,1100.0
2021-08-30,32.18194580078125,32.276297149680865,32.18194580078125,32.26695680803311,4100.0
2021-08-31,32.19782638549805,32.19782638549805,32.19782638549805,32.19782638549805,1000.0
2021-09-01,32.103477478027344,32.13617402271668,32.0941335717412,32.11748977380047,3200.0
2021-09-02,32.24173355102539,32.24173355102539,32.24173355102539,32.24173355102539,100.0
2021-09-03,32.13616943359375,32.20996917716629,32.13616943359375,32.20996917716629,400.0
2021-09-07,31.88860893249512,31.893280885423582,31.88860893249512,31.893280885423582,200.0
2021-09-08,31.836294174194336,32.070779168814965,31.836294174194336,31.883940253588825,21600.0
2021-09-09,31.745677947998047,32.10814452173662,31.584999828634302,31.98670225435556,22800.0
2021-09-10,31.52894592285156,31.743809422983407,31.52894592285156,31.65973209130957,10400.0
2021-09-13,31.698034286499023,31.79051828230908,31.547630192665665,31.77931058475888,26700.0
2021-09-14,31.412172317504883,31.430856565109384,31.412172317504883,31.430856565109384,300.0
2021-09-15,31.75875663757324,31.81854765719748,31.566315652311086,31.566315652311086,2800.0
2021-09-16,31.67094612121582,31.67094612121582,31.62330360244282,31.62330360244282,2200.0
2021-09-17,31.44486618041992,31.44486618041992,31.44486618041992,31.44486618041992,4400.0
2021-09-20,30.920787811279297,30.920787811279297,30.920787811279297,30.920787811279297,4400.0
2021-09-21,30.89836883544922,31.0525112097062,30.8843565402724,31.0525112097062,4200.0
2021-09-22,31.23280906677246,31.30474146620068,30.92172326663932,31.07119369662288,18400.0
2021-09-23,31.736337661743164,31.88394072769567,31.57565597844003,31.59620758232588,19000.0
2021-09-24,31.807336807250977,31.83256036443169,31.613024900097063,31.790519914578503,7600.0
2021-09-27,32.07732009887695,32.15485456423125,32.07732009887695,32.145514221642955,1100.0
2021-09-28,31.75875663757324,32.0754480513858,31.641049081357448,32.03341116573272,30200.0
2021-09-29,31.80359649658203,31.92597599950705,31.69710020744044,31.827886374335648,21300.0
2021-09-30,31.32902717590332,31.575653530727227,31.32902717590332,31.575653530727227,2600.0
2021-10-01,31.793323516845703,31.793323516845703,31.57565541506818,31.57565541506818,3500.0
2021-10-04,31.6317081451416,31.659732735050767,30.174368887714778,31.659732735050767,11700.0
2021-10-05,31.854047775268555,31.977360972139696,31.854047775268555,31.90262753713161,7200.0
2021-10-06,31.883007049560547,31.883007049560547,31.463554052828183,31.47289439508314,6800.0
2021-10-07,32.13336563110352,32.351033719802054,32.13336563110352,32.351033719802054,13800.0
2021-10-08,32.21184158325195,32.257616746457394,32.154855157808726,32.154855157808726,6600.0
2021-10-11,31.99697494506836,31.99697494506836,31.99697494506836,31.99697494506836,0.0
2021-10-12,31.90168571472168,31.90168571472168,31.90168571472168,31.90168571472168,100.0
2021-10-13,31.884876251220703,31.935323367823543,31.743812485778,31.75315639222986,12000.0
2021-10-14,32.33422088623047,32.33422088623047,32.294985032312546,32.294985032312546,1000.0
2021-10-15,32.550018310546875,32.724712298591314,32.550018310546875,32.62195070989975,3800.0
2021-10-18,32.494895935058594,32.575234982281366,32.46313307452379,32.537870055465774,6100.0
2021-10-19,32.79944610595703,32.79944610595703,32.706024869114245,32.71536877462642,2700.0
2021-10-20,33.0526123046875,33.09838746419067,33.01431013151972,33.03299437918614,8200.0
2021-10-21,32.982547760009766,33.06101946318852,32.92089294907899,33.06101946318852,3800.0
2021-10-22,33.01991271972656,33.05167558146725,33.00496674843289,33.05167558146725,6800.0
2021-10-25,33.00497055053711,33.07036363704947,33.00497055053711,33.06101973117288,2900.0
2021-10-26,32.9526481628418,32.99562228415183,32.922756220761315,32.93956954726772,5100.0
2021-10-27,32.29311752319336,32.57524148617008,32.29311752319336,32.57057309667067,16600.0
2021-10-28,32.49769973754883,32.49769973754883,32.42576734727279,32.42576734727279,1000.0
2021-10-29,32.37812423706055,32.519187981631774,32.37812423706055,32.49115983007931,1100.0
2021-11-01,32.710697174072266,32.73405337444839,32.710697174072266,32.724709468835606,2900.0
2021-11-02,32.70322036743164,32.720037257376624,32.6593125689548,32.66865647347605,1300.0
2021-11-03,32.904075622558594,32.904075622558594,32.904075622558594,32.904075622558594,100.0
2021-11-04,32.69948959350586,32.72471315238141,32.678004310027376,32.72471315238141,1700.0
2021-11-05,33.0311279296875,33.07970412402813,33.01431103722961,33.07036378176661,3200.0
2021-11-08,33.10212326049805,33.12641313962612,33.10212326049805,33.12641313962612,500.0
2021-11-09,33.050743103027344,33.21983143676007,32.920890618105894,32.94891520621233,29400.0
2021-11-10,32.930233001708984,33.149768458571984,32.91154875392746,33.149768458571984,1700.0
2021-11-11,32.99188995361328,33.05167740574343,32.95918984866327,32.95918984866327,6600.0
2021-11-12,33.13949203491211,33.14509766580835,33.070364235722444,33.08904492050192,12800.0
2021-11-15,33.069427490234375,33.16378241170046,33.069427490234375,33.16378241170046,3000.0
2021-11-16,33.1142692565918,33.21983544091808,33.1142692565918,33.21049153465256,30700.0
2021-11-17,32.802249908447266,32.93023505371517,32.77796359210821,32.93023505371517,4200.0
2021-11-18,32.72097396850586,32.74339292685544,32.55655401931923,32.55655401931923,1400.0
2021-11-19,32.36784744262695,32.481820279853295,32.36784744262695,32.481820279853295,7600.0
2021-11-22,32.540672302246094,32.540672302246094,32.540672302246094,32.540672302246094,100.0
2021-11-23,32.78636932373047,32.78636932373047,32.706026699184505,32.7527391020476,5500.0
2021-11-24,32.7648811340332,32.771420442215,32.734051948703126,32.771420442215,1400.0
2021-11-26,31.911033630371094,31.911033630371094,31.911033630371094,31.911033630371094,100.0
2021-11-29,31.98016166687012,31.98016166687012,31.98016166687012,31.98016166687012,100.0
2021-11-30,31.1580753326416,31.32342541284132,31.1580753326416,31.32342541284132,900.0
2021-12-01,30.89836883544922,31.81854756439085,30.89836883544922,31.81854756439085,2200.0
2021-12-02,31.5317497253418,31.650394528852704,31.5317497253418,31.650394528852704,300.0
2021-12-03,31.496246337890625,31.496246337890625,31.3140793974724,31.3140793974724,2900.0
2021-12-06,32.04648971557617,32.1828815196802,32.02406719235033,32.145513023407766,2700.0
2021-12-07,32.49022674560547,32.57523775227978,32.49022674560547,32.57523775227978,800.0
2021-12-08,32.620079040527344,32.64063064281677,32.519188384655,32.52852872618449,11000.0
2021-12-09,32.43791580200195,32.565900946634066,32.43791580200195,32.547216697781074,4200.0
2021-12-10,32.560298919677734,32.560298919677734,32.463142953081764,32.463142953081764,9400.0
2021-12-13,32.30619430541992,32.35103578765901,32.30619430541992,32.34169188187892,900.0
2021-12-14,32.25200653076172,32.323005242081734,32.22958757312912,32.266956066172426,3900.0
2021-12-15,32.543426513671875,32.543426513671875,32.283335325492935,32.416230668497825,1800.0
2021-12-16,32.707645416259766,32.957293572865346,32.60512687063118,32.957293572865346,2400.0
2021-12-17,32.37826156616211,32.501662577947435,32.37826156616211,32.501662577947435,1300.0
2021-12-20,31.90933990478516,31.90933990478516,31.609381211110964,31.713797166237704,3500.0
2021-12-21,32.58708953857422,32.6060709648288,32.3545254251391,32.359272592216506,6700.0
2021-12-22,32.814903259277344,32.814903259277344,32.73896669026153,32.73896669026153,17900.0
2021-12-23,33.05506134033203,33.080687352912165,33.052211591582484,33.052211591582484,500.0
2021-12-27,33.342674255371094,33.342674255371094,33.20408667167811,33.242056765545975,15500.0
2021-12-28,33.44709396362305,33.49835323400526,33.44139808679971,33.4508924218479,6600.0
2021-12-29,33.5685920715332,33.57428794804079,33.49835137700418,33.56479723454659,7300.0
2021-12-30,33.482215881347656,33.640737246416634,33.482215881347656,33.60277076752888,8100.0
2021-12-31,33.461326599121094,33.57428454549561,33.46037788997059,33.46037788997059,8900.0
2022-01-03,33.746097564697266,33.746097564697266,33.61700431108378,33.63124219145764,900.0
2022-01-04,34.27861785888672,34.333671963734965,34.05839781846606,34.05839781846606,30400.0
2022-01-05,33.88943099975586,34.46656483422171,33.88943099975586,34.381133934278466,400.0
2022-01-06,34.05175018310547,34.14382566670906,34.05175018310547,34.14382566670906,2500.0
2022-01-07,34.21596908569336,34.276719064644126,34.21596908569336,34.276719064644126,1400.0
2022-01-10,34.05554962158203,34.26722766735143,33.759389375158385,34.26722766735143,1300.0
2022-01-11,34.389678955078125,34.389678955078125,34.06788908302606,34.06788908302606,4100.0
2022-01-12,34.43524169921875,34.43524169921875,34.33367187306018,34.33367187306018,200.0
2022-01-13,34.38587951660156,34.54250344594432,34.38587951660156,34.54250344594432,200.0
2022-01-14,34.508331298828125,34.508331298828125,34.21976436876474,34.257734463989415,24600.0
2022-01-18,34.05839538574219,34.25773294529341,34.05839538574219,34.248242232421774,7500.0
2022-01-19,33.71857070922852,33.934995906841145,33.71857070922852,33.934995906841145,900.0
2022-01-20,33.18510437011719,33.994798764748666,33.18510437011719,33.75464496217029,14300.0
2022-01-21,32.70100021362305,32.88135275339084,32.682015164011496,32.88135275339084,6100.0
2022-01-24,32.7921257019043,32.7921257019043,31.74227386411665,31.76125891297473,1200.0
2022-01-25,32.78643035888672,33.00475299276705,32.78643035888672,33.00475299276705,43600.0
2022-01-26,32.62600326538086,33.31799245646368,32.62600326538086,33.31799245646368,3400.0
2022-01-27,32.50735092163086,32.50735092163086,32.50735092163086,32.50735092163086,100.0
2022-01-28,32.86046600341797,32.86046600341797,32.34028729913007,32.36876305932303,7200.0
2022-01-31,33.25060272216797,33.25060272216797,32.729475252321464,32.729475252321464,400.0
2022-02-01,33.598968505859375,33.598968505859375,33.3559649633446,33.37495001115346,2700.0
2022-02-02,33.83627700805664,33.85905689337362,33.541065482029424,33.56479769763385,14700.0
2022-02-03,33.245853424072266,33.65022806597112,33.245853424072266,33.65022806597112,4300.0
2022-02-04,33.336029052734375,33.38443856785168,33.32748704913188,33.34647209571428,4200.0
2022-02-07,33.32654571533203,33.57429284285143,33.32654571533203,33.38444595604054,7900.0
2022-02-08,33.63503646850586,33.63503646850586,33.53632001675322,33.574286490109046,3600.0
2022-02-09,34.08307647705078,34.08307647705078,33.86855230464269,33.96347392802237,4600.0
2022-02-10,33.63408660888672,34.11534649460054,33.63408660888672,33.90651822468998,5500.0
2022-02-11,33.39108657836914,33.66921409935561,33.31799613309434,33.66921409935561,3900.0
2022-02-14,33.04366683959961,33.10916398203349,32.87185633461272,32.94779289885315,14600.0
2022-02-15,33.444244384765625,33.65971724635251,33.320843389067385,33.412918875983515,51000.0
2022-02-16,33.57428741455078,33.57428741455078,33.29901327526099,33.507841558064186,67300.0
2022-02-17,32.915523529052734,33.280030678368234,32.915523529052734,33.280030678368234,1900.0
2022-02-18,32.7114372253418,32.87945291045042,32.69150346787363,32.75794932610086,22600.0
2022-02-22,32.38869857788086,32.38869857788086,32.38869857788086,32.38869857788086,300.0
2022-02-23,31.981481552124023,32.41622938018674,31.981481552124023,32.41622938018674,7000.0
2022-02-24,32.0289421081543,32.0289421081543,31.3720732039524,31.46699844443029,3500.0
2022-02-25,32.854774475097656,32.985768782964755,32.854774475097656,32.94779868366427,7000.0
2022-02-28,32.71808242797852,32.814905089375394,32.48741933834755,32.54912165145585,9100.0
2022-03-01,32.13050842285156,32.39724418532137,32.13050842285156,32.39724418532137,2300.0
2022-03-02,32.906028747558594,33.014239530993486,32.80541125862454,32.80541125862454,700.0
2022-03-03,32.78927230834961,33.004748786858514,32.74845608730415,32.96677869336288,9600.0
2022-03-04,32.577598571777344,32.59658362102182,32.37826098625217,32.37826098625217,13600.0
2022-03-07,31.74511909484864,32.4352072364317,31.74511909484864,32.39724076514699,11500.0
2022-03-08,31.6777286529541,32.292829020060815,31.6777286529541,32.292829020060815,21600.0
2022-03-09,32.26435089111328,32.3023173645491,32.24536584388162,32.2548565569837,9700.0
2022-03-10,32.208343505859375,32.208343505859375,31.96059281099661,31.979577857666666,8200.0
2022-03-11,31.957746505737305,32.52063883331602,31.957746505737305,32.22637966413501,32500.0
2022-03-14,31.856184005737305,31.87991260092617,31.79922885943398,31.86567471960729,6700.0
2022-03-15,32.23207473754883,32.264348953802,32.074502113912224,32.074502113912224,34500.0
2022-03-16,32.73896408081055,32.85287073576916,32.606068758827014,32.66302389681996,57900.0
2022-03-17,33.15473175048828,33.15473175048828,32.889893397240975,32.90033644145494,12600.0
2022-03-18,33.332237243652344,33.332237243652344,32.98576644885107,33.0332272591043,9900.0
2022-03-21,33.36260986328125,33.46038123095541,33.26104365862614,33.39868254076616,10400.0
2022-03-22,33.60845947265625,33.64548085931682,33.58378216924352,33.593272882705705,4000.0
2022-03-23,33.21262741088867,33.246802666685014,33.21262741088867,33.246802666685014,2000.0
2022-03-24,33.50309371948242,33.526825933906736,33.40342493674987,33.526825933906736,6700.0
2022-03-25,33.72046661376953,33.72046661376953,33.72046661376953,33.72046661376953,0.0
2022-03-28,33.68155288696289,33.68155288696289,33.52682637860138,33.52682637860138,200.0
2022-03-29,34.13813018798828,34.14382606408526,33.934994171990404,33.934994171990404,800.0
2022-03-30,33.90461730957031,34.08687086022242,33.86854825572692,34.077380147430176,23200.0
2022-03-31,33.53916931152344,33.85431460681515,33.53916931152344,33.85431460681515,9600.0
2022-04-01,33.507843017578125,33.507843017578125,33.507843017578125,33.507843017578125,100.0
2022-04-04,33.56954574584961,33.56954574584961,33.26104504003528,33.52682848084625,6700.0
2022-04-05,33.23636245727539,33.46987166562627,33.23636245727539,33.46987166562627,10000.0
2022-04-06,33.13004684448242,33.194595278529626,32.97627267480429,32.97627267480429,15600.0
2022-04-07,33.22023010253906,33.299016428552164,33.118660268700125,33.118660268700125,700.0
2022-04-08,33.3094482421875,33.3825386745458,33.289514487907965,33.289514487907965,1000.0
2022-04-11,32.99241256713867,33.15662980264405,32.99241256713867,33.128154039375005,3700.0
2022-04-12,32.928810119628906,33.180359284876616,32.89084364540843,33.180359284876616,20000.0
2022-04-13,33.21927261352539,33.21927261352539,33.21927261352539,33.21927261352539,100.0
2022-04-14,33.08163833618164,33.213581335810666,33.08163833618164,33.213581335810666,900.0
2022-04-18,33.05221176147461,33.10916690545437,33.05221176147461,33.10916690545437,2600.0
2022-04-19,33.55720138549805,33.62174619860697,33.53631892057804,33.53631892057804,500.0
2022-04-20,33.72711181640625,33.85905481596952,33.72711181640625,33.85905481596952,800.0
2022-04-21,33.29521560668945,33.29521560668945,33.261043968404415,33.261043968404415,1100.0
2022-04-22,32.43805694580078,32.72946998083812,32.43805694580078,32.72946998083812,2400.0
2022-04-25,32.48646926879883,32.48646926879883,31.73278133938385,31.846688005004467,29500.0
2022-04-26,31.88750457763672,32.21688773703018,31.88750457763672,32.21688773703018,4200.0
2022-04-27,31.86472511291504,31.86472511291504,31.86472511291504,31.86472511291504,200.0
2022-04-28,32.46368789672852,32.805411498961575,32.43520851585747,32.43520851585747,5900.0
2022-04-29,31.49736976623535,32.16942522085178,31.49736976623535,32.16942522085178,2800.0
2022-05-02,31.68626976013184,31.68626976013184,31.55242933530364,31.561920048833063,2400.0
2022-05-03,31.9653434753418,32.14569962792695,31.799228825087944,31.799228825087944,7700.0
2022-05-04,32.879451751708984,32.879451751708984,31.894148424102006,32.03653447015818,16000.0
2022-05-05,31.94161605834961,31.989076871454483,31.884660910007003,31.989076871454483,19500.0
2022-05-06,31.825803756713867,31.89414702805392,31.54293271645671,31.54293271645671,18100.0
2022-05-09,30.96770477294922,31.144262476093683,30.96770477294922,31.144262476093683,3400.0
2022-05-10,30.920238494873047,31.12052475895708,30.920238494873047,31.12052475895708,5200.0
2022-05-11,30.62787628173828,31.391058566088265,30.62787628173828,31.16324522871758,47600.0
2022-05-12,30.67723655700684,30.67723655700684,30.270964510809428,30.37632916971825,12500.0
2022-05-13,31.340749740600582,31.47649121388764,31.14426190308424,31.167990498982817,54500.0
2022-05-16,31.40055084228516,31.59988840467388,31.26765551299853,31.40055084228516,23900.0
2022-05-17,31.95585060119629,31.97008848153728,31.69481072485296,31.723286485534945,126700.0
2022-05-18,30.89745712280273,31.296135881182348,30.8689813618569,31.296135881182348,19000.0
2022-05-19,30.78829765319824,30.935427246255827,30.565227869512487,30.935427246255827,66300.0
2022-05-20,30.94491958618164,30.94491958618164,30.44182847042176,30.885118312380936,2600.0
2022-05-23,31.35783576965332,31.4669988925004,31.35783576965332,31.42902879576857,3500.0
2022-05-24,31.22873878479004,31.277151925321,30.906952535992414,30.94491901156961,107000.0
2022-05-25,31.642602920532227,31.68057301566504,31.42902747220844,31.60937999254791,16900.0
2022-05-26,32.189361572265625,32.23587367374593,31.92262942596417,31.92262942596417,1500.0
2022-05-27,32.829139709472656,32.829139709472656,32.511148324831105,32.511148324831105,900.0
2022-05-31,32.61176681518555,32.80541212469251,32.61176681518555,32.795917790545246,3100.0
2022-06-01,32.37826156616211,32.710490881321114,32.27384560396129,32.710490881321114,8500.0
2022-06-02,32.77788162231445,32.77788162231445,32.264351118345424,32.264351118345424,12500.0
2022-06-03,32.45988845825195,32.62505437820424,32.43995470275818,32.62505437820424,20300.0
2022-06-06,32.51399612426758,32.71143627469848,32.511149996581,32.71143627469848,7100.0
2022-06-07,32.8690071105957,32.8690071105957,32.36876217629518,32.36876217629518,18000.0
2022-06-08,32.55861282348633,32.72947464199026,32.51115201190809,32.72947464199026,20100.0
2022-06-09,31.78594017028809,32.273844705845896,31.78594017028809,32.21688955867732,10600.0
2022-06-10,31.087303161621094,31.087303161621094,31.02085730714105,31.02085730714105,11000.0
2022-06-13,29.643524169921875,30.31842758471036,29.643524169921875,30.31842758471036,7700.0
2022-06-14,29.54385566711425,29.62548811363133,29.521073971884388,29.58751982859076,2300.0
2022-06-15,29.74888801574707,29.948225578509355,29.72230967404544,29.729902968670547,1400.0
2022-06-16,28.760740280151367,28.932550802140376,28.72372070352949,28.932550802140376,29800.0
2022-06-17,28.863256454467773,29.00848863041478,28.64778177415485,28.64778177415485,26200.0
2022-06-21,29.39767265319824,29.45462779591247,29.274273465011657,29.274273465011657,1200.0
2022-06-22,29.360652923583984,29.46412016494508,29.331226643156988,29.331226643156988,19100.0
2022-06-23,29.38628387451172,29.4641214863282,29.103412810244336,29.43564391384352,25300.0
2022-06-24,30.272863388061523,30.272863388061523,30.13807245054048,30.177939963122427,26200.0
2022-06-27,30.27476119995117,30.35639545509064,30.27476119995117,30.35639545509064,900.0
2022-06-28,29.94538116455078,30.29944344127204,29.94538116455078,30.28995091719056,29600.0
2022-06-29,29.77261734008789,29.777364506941808,29.69193360870803,29.69193360870803,5800.0
2022-06-30,29.39957046508789,29.464118899513903,29.35021043008968,29.464118899513903,400.0
2022-07-01,29.81533432006836,29.81533432006836,29.7156655371827,29.7393959411297,1400.0
2022-07-05,29.67200088500977,29.67200088500977,29.22681185164993,29.22681185164993,1100.0
2022-07-06,29.634031295776367,29.634031295776367,29.51158081810053,29.51158081810053,10000.0
2022-07-07,30.079221725463867,30.08112095449426,30.033658333872992,30.043150857997247,1200.0
2022-07-08,30.0232162475586,30.090612623771964,29.986196671885395,30.052642528353648,9300.0
2022-07-11,29.679594039916992,29.86279449258316,29.668202287536,29.77736540229436,2400.0
2022-07-12,29.55334854125977,29.805842799736443,29.5020892737566,29.74888946624368,1900.0
2022-07-13,29.373943328857425,29.51158221303944,29.373943328857425,29.51158221303944,4400.0
2022-07-14,29.029373168945312,29.029373168945312,29.029373168945312,29.029373168945312,100.0
2022-07-15,29.72420883178711,29.72420883178711,29.369197845353728,29.369197845353728,4500.0
2022-07-18,29.64067649841309,30.033657572523108,29.530566480287963,30.033657572523108,22500.0
2022-07-19,30.459863662719727,30.459863662719727,30.25198227616368,30.25198227616368,200.0
2022-07-20,30.579465866088867,30.61268879435792,30.579465866088867,30.60319808100716,26000.0
2022-07-21,30.59370231628418,30.62217807603273,30.185532861760308,30.470301322328083,10000.0
2022-07-22,30.457014083862305,30.584213543667325,30.394366684235607,30.584213543667325,3000.0
2022-07-25,30.663000106811523,30.664897525322868,30.54624368986536,30.664897525322868,10200.0
2022-07-26,30.47979736328125,30.527258172529343,30.408604338895287,30.527258172529343,12600.0
2022-07-27,31.00282287597656,31.068320025281963,30.66964487388189,30.69812063583112,6900.0
2022-07-28,31.1603946685791,31.18222584407654,31.134765035112373,31.134765035112373,4700.0
2022-07-29,31.44231414794922,31.54293163314073,31.300876822164486,31.300876822164486,16300.0
2022-08-01,31.40529441833496,31.40529441833496,31.3056256370452,31.3056256370452,1400.0
2022-08-02,31.234434127807617,31.45750391526613,31.234434127807617,31.30562715246871,19500.0
2022-08-03,31.479331970214844,31.56191673968115,31.479331970214844,31.53344098105077,6800.0
2022-08-04,31.30372810363769,31.343595616007125,31.286640475039025,31.315119856036805,11300.0
2022-08-05,31.35024070739746,31.36258116919109,31.201210077690668,31.201210077690668,8300.0
2022-08-08,31.4271297454834,31.476487971849824,31.426177415240986,31.476487971849824,1100.0
2022-08-09,31.40434837341309,31.41953496393779,31.391059201447028,31.391059201447028,1400.0
2022-08-10,32.008056640625,32.06500815854455,31.989071594309376,31.989071594309376,7800.0
2022-08-11,32.19411087036133,32.40673763405791,32.188414993329744,32.40673763405791,16400.0
2022-08-12,32.62316131591797,32.634553069443314,32.435211866861046,32.4447062018081,7600.0
2022-08-15,32.645938873291016,32.645938873291016,32.37351086459902,32.37351086459902,2800.0
2022-08-16,32.725677490234375,33.137641795670824,32.64878859103742,32.82439756458714,9600.0
2022-08-17,32.471282958984375,32.50165975989136,32.46368966401454,32.50165975989136,1600.0
2022-08-18,32.4826774597168,32.63455423504394,32.4826774597168,32.59658413595517,3000.0
2022-08-19,32.28428649902344,32.378259410336035,32.19790326180575,32.212144763816866,9300.0
2022-08-22,31.650196075439453,31.79922670661175,31.650196075439453,31.79922670661175,800.0
2022-08-23,31.674877166748047,31.732781018721635,31.661587995542803,31.71379597113877,2500.0
2022-08-24,31.72138786315918,31.884656368329534,31.61887295597832,31.680571642123446,11500.0
2022-08-25,32.079246520996094,32.0839936879033,31.884656130129084,31.97008702932195,8400.0
2022-08-26,31.223045349121094,31.26765640886665,31.22304534912109,31.26765640886665,1200.0
2022-08-29,31.089200973510746,31.089200973510746,31.089200973510746,31.089200973510746,100.0
2022-08-30,30.6981201171875,30.6981201171875,30.66015002121156,30.68862940370734,5400.0
2022-08-31,30.534852981567383,30.698121504821987,30.47030453969605,30.68863079091282,14100.0
2022-09-01,30.539596557617188,30.539596557617188,28.88508758498444,30.21401006919859,21500.0
2022-09-02,30.25197982788086,30.81202421267707,30.23299478147728,30.81202421267707,5000.0
2022-09-06,30.173194885253903,30.36588786451282,30.173194885253903,30.356395340879875,2000.0
2022-09-07,30.702865600585938,30.702865600585938,30.622178245805323,30.622178245805323,3500.0
2022-09-08,30.922138214111328,30.922138214111328,30.922138214111328,30.922138214111328,100.0
2022-09-09,31.422382354736328,31.422382354736328,31.24867080190649,31.258165136042773,4600.0
2022-09-12,31.69101524353028,31.69101524353028,31.69101524353028,31.69101524353028,100.0
2022-09-13,30.584213256835938,30.603198304703827,30.55858362326567,30.56522820896805,10400.0
2022-09-14,30.463659286499023,30.463659286499023,30.327921440712064,30.327921440712064,8500.0
2022-09-15,30.28520393371582,30.28520393371582,30.28520393371582,30.28520393371582,100.0
2022-09-16,29.99378967285156,29.99378967285156,29.207827534737643,29.207827534737643,92500.0
2022-09-19,30.1001033782959,30.1001033782959,30.1001033782959,30.1001033782959,100.0
2022-09-20,29.73749732971192,29.73749732971192,29.62548808266289,29.62548808266289,10800.0
2022-09-21,29.256237030029297,29.90076545199356,29.256237030029297,29.90076545199356,500.0
2022-09-22,28.99899673461914,29.022728950181467,28.99899673461914,29.022728950181467,300.0
2022-09-23,28.36491203308105,28.36491203308105,28.258598657105725,28.3582674470826,5500.0
2022-09-26,28.00230407714844,28.33453516559024,27.99281155341995,28.33453516559024,18800.0
2022-09-27,27.87226104736328,28.192151682436588,27.87226104736328,28.192151682436588,5600.0
2022-09-28,28.62689971923828,28.72372056775641,28.410474516063832,28.486412897973736,25400.0
2022-09-29,28.16367530822754,28.23486833586032,28.06875187488847,28.097229448044363,17600.0
2022-09-30,27.8323917388916,28.35352098586088,27.8323917388916,28.35352098586088,600.0
2022-10-03,28.65727424621582,28.68575000740013,28.495904960954057,28.495904960954057,2300.0
2022-10-04,29.51158142089844,29.51158142089844,29.35495749265112,29.35495749265112,25000.0
2022-10-05,29.54955101013184,29.67295201550302,29.127143636659312,29.127143636659312,16400.0
2022-10-06,29.210676193237305,29.264781588447253,29.198335730991587,29.198335730991587,9900.0
2022-10-07,28.55000877380371,28.628795088340947,28.55000877380371,28.605064685164194,7000.0
2022-10-10,28.420913696289062,28.473121669552047,28.29656399384599,28.473121669552047,700.0
2022-10-11,28.297515869140625,28.60981139346909,28.287072825576782,28.60981139346909,2900.0
2022-10-12,28.21398162841797,28.429458111329705,28.21398162841797,28.429458111329705,8600.0
2022-10-13,29.022729873657227,29.022729873657227,29.022729873657227,29.022729873657227,0.0
2022-10-14,28.50254821777344,28.628795339772942,28.50254821777344,28.628795339772942,500.0
2022-10-17,29.07968139648437,29.14138189613754,29.07968139648437,29.14138189613754,200.0
2022-10-18,29.51158142089844,29.51158142089844,29.41570928337959,29.41665799261344,6800.0
2022-10-19,29.179349899291992,29.179349899291992,29.084426472398885,29.084426472398885,13300.0
2022-10-20,28.98001289367676,29.38818055935068,28.875596941020227,29.38818055935068,12300.0
2022-10-21,29.60460662841797,29.60460662841797,29.25718893304894,29.26478222820592,400.0
2022-10-24,29.95392227172852,30.038404466163684,29.84381225460616,29.84381225460616,3200.0
2022-10-25,30.430435180664062,30.430435180664062,30.27096512524678,30.27096512524678,2200.0
2022-10-26,30.498783111572266,30.849997453306766,30.498783111572266,30.70761140126504,4800.0
2022-10-27,30.521562576293945,30.793041883872217,30.521562576293945,30.72659602610928,1100.0
2022-10-28,31.16703987121582,31.16703987121582,31.125274937865026,31.125274937865026,600.0
2022-10-31,31.018009185791016,31.19172074678292,31.018009185791016,31.19172074678292,400.0
2022-11-01,31.13002014160156,31.14426164425585,31.10629154590018,31.14426164425585,800.0
2022-11-02,30.49023628234864,30.973397234129525,30.49023628234864,30.897457043764778,57500.0
2022-11-03,30.242488861083984,30.356395524340225,30.15705795838492,30.15705795838492,2300.0
2022-11-04,30.5747184753418,30.72659523503662,30.28995000354245,30.72659523503662,4300.0
2022-11-07,30.88511657714844,30.91644208672058,30.702866638150013,30.720899355485493,8100.0
2022-11-08,31.109134674072266,31.17273440163392,31.04933340439106,31.04933340439106,7700.0
2022-11-09,30.578516006469727,30.75507368478343,30.578516006469727,30.70760925673249,8900.0
2022-11-10,31.99856376647949,32.01754881366107,31.53818633015188,31.53818633015188,8400.0
2022-11-11,32.301368713378906,32.41622770618271,32.301368713378906,32.36876327750452,3200.0
2022-11-14,31.986223220825195,32.378257383092404,31.986223220825195,32.378257383092404,2400.0
2022-11-15,32.13999938964844,32.41622583674008,31.998562063034733,32.41622583674008,2900.0
2022-11-16,31.93307113647461,32.0906437914381,31.922631712716456,32.0555234407512,3500.0
2022-11-17,31.79542732238769,31.85618092097268,31.69006266559751,31.85618092097268,1700.0
2022-11-18,32.0042610168457,32.06975816507465,31.89414918687588,31.913134234872587,13400.0
2022-11-21,32.0289421081543,32.0289421081543,31.856182877820498,31.898896520264795,1900.0
2022-11-22,32.45609664916992,32.45609664916992,32.32130389395212,32.32130389395212,2900.0
2022-11-23,32.535831451416016,32.535831451416016,32.535831451416016,32.535831451416016,100.0
2022-11-25,32.60892105102539,32.69150220547845,32.60892105102539,32.69150220547845,300.0
2022-11-28,32.15044403076172,32.40673676413524,32.15044403076172,32.40673676413524,2300.0
2022-11-29,32.29472351074219,32.34028689910384,32.20739519181046,32.34028689910384,2800.0
2022-11-30,32.9449462890625,32.9449462890625,32.9449462890625,32.9449462890625,100.0
2022-12-01,32.98101806640625,33.04556650406581,32.98101806640625,33.04556650406581,300.0
2022-12-02,32.87565231323242,32.87565231323242,32.81490233552439,32.81490233552439,3700.0
2022-12-05,32.315608978271484,32.625058391586855,32.315608978271484,32.625058391586855,300.0
2022-12-06,31.916933059692383,31.916933059692383,31.916933059692383,31.916933059692383,100.0
2022-12-07,31.878013610839844,31.97008910125913,31.878013610839844,31.97008910125913,2800.0
2022-12-08,31.985275268554688,32.00805877406297,31.93211858373881,32.00805877406297,16700.0
2022-12-09,31.825803756713867,32.03653306787767,31.825803756713867,32.03653306787767,1700.0
2022-12-12,32.30326843261719,32.30326843261719,32.05552133336205,32.05552133336205,2100.0
2022-12-13,32.452301025390625,32.94779887474327,32.452301025390625,32.94779887474327,400.0
2022-12-14,32.30834197998047,32.5692052420146,32.1537567527309,32.50157443544307,21300.0
2022-12-15,31.5595703125,31.632032941771,31.487107683228995,31.54507852376628,800.0
2022-12-16,31.33445167541504,31.438798444464982,31.110304407355187,31.438798444464982,5400.0
2022-12-19,31.12962913513184,31.467783147685097,30.994367530110534,31.31319792971756,50200.0
2022-12-20,31.14508628845215,31.26489047634651,31.14508628845215,31.26489047634651,10500.0
2022-12-21,31.495800018310547,31.58372005856465,31.495800018310547,31.51608925836919,6700.0
2022-12-22,31.231075286865234,31.245567075150184,30.936396639730205,31.245567075150184,32500.0
2022-12-23,31.486141204833984,31.486141204833984,31.400152416987407,31.400152416987407,1500.0
2022-12-27,31.54507637023925,31.699661582183,31.49676549695507,31.583719909023564,31600.0
2022-12-28,31.2078857421875,31.67067577144276,31.2078857421875,31.61270861781062,18500.0
2022-12-29,31.621400833129883,31.680337296225503,31.58371923731413,31.58371923731413,24700.0
2022-12-30,31.532516479492188,31.532516479492188,31.31319734651964,31.48710617419441,18500.0
2023-01-03,31.493867874145508,31.57405920434352,31.40981034735876,31.57405920434352,2800.0
2023-01-04,31.81559944152832,32.028155489195214,31.651350581348765,31.76729225404097,10200.0
2023-01-05,31.636857986450195,31.72864422025573,31.57405901287917,31.63202984774616,25900.0
2023-01-06,32.32380294799805,32.42428352957189,32.03781862025633,32.03781862025633,1900.0
2023-01-09,32.22332000732422,32.61750991066815,32.22332000732422,32.61750991066815,200.0
2023-01-10,32.35955047607422,32.35955047607422,32.26969916976208,32.26969916976208,1600.0
2023-01-11,32.6600227355957,32.6600227355957,32.43394052633863,32.44360417526876,14500.0
2023-01-12,32.80398178100586,32.80398178100586,32.58852882802765,32.58852882802765,300.0
2023-01-13,32.880306243896484,32.880306243896484,32.83006411681313,32.83972776537626,6100.0
2023-01-17,32.746978759765625,32.81074336631381,32.746978759765625,32.81074336631381,8500.0
2023-01-18,32.236846923828125,32.71412874115743,32.22138582201501,32.71412874115743,1600.0
2023-01-19,32.09965133666992,32.09965133666992,31.94603174097414,31.970187179427874,500.0
2023-01-20,32.5807991027832,32.5807991027832,32.19240294858338,32.19240294858338,58700.0
2023-01-23,32.93537902832031,32.96532823283181,32.90832670723807,32.96532823283181,600.0
2023-01-24,32.84455490112305,32.965324705260024,32.84455490112305,32.965324705260024,27900.0
2023-01-25,32.91798782348633,32.93634580932128,32.7044661307816,32.7044661307816,17700.0
2023-01-26,33.21266555786133,33.21266555786133,33.21266555786133,33.21266555786133,100.0
2023-01-27,33.24068069458008,33.342126890783845,33.24068069458008,33.3160438851332,1900.0
2023-01-30,32.88996887207031,33.02813104714335,32.88996887207031,33.02813104714335,200.0
2023-01-31,33.34212875366211,33.34212875366211,33.34212875366211,33.34212875366211,100.0
2023-02-01,33.54502487182617,33.54502487182617,33.11025280228651,33.19720721619444,13100.0
2023-02-02,33.72859573364258,33.87352099425309,33.70927211985435,33.87352099425309,3000.0
2023-02-03,33.512176513671875,33.78656592724014,33.512176513671875,33.64164066940818,7000.0
2023-02-06,33.33536529541016,33.37111563680866,33.33536529541016,33.361451987824445,4500.0
2023-02-07,33.72762680053711,33.72762680053711,33.13923516511519,33.13923516511519,34400.0
2023-02-08,33.52569961547852,33.70347094573741,33.491884216483506,33.6899447861394,8700.0
2023-02-09,33.20686721801758,33.5353612614264,33.14890006574689,33.5353612614264,11600.0
2023-02-10,33.33246994018555,33.33246994018555,33.18754468359596,33.18754468359596,1300.0
2023-02-13,33.60685729980469,33.60685729980469,33.429082280099394,33.429082280099394,2900.0
2023-02-14,33.62135314941406,33.62135314941406,33.477397197645175,33.50638077645443,9000.0
2023-02-15,33.65323257446289,33.70926846845721,33.50637607406183,33.50637607406183,4800.0
2023-02-16,33.38367462158203,33.54502290747816,33.38367462158203,33.49671203600101,2800.0
2023-02-17,33.341163635253906,33.341163635253906,33.19720769485629,33.19720769485629,700.0
2023-02-21,32.7720947265625,32.849389176065834,32.646496774522895,32.810741951314164,12600.0
2023-02-22,32.704463958740234,32.9073600460882,32.704463958740234,32.733451220134064,9100.0
2023-02-23,32.797218322753906,32.89769890350278,32.607852066697085,32.89769890350278,4200.0
2023-02-24,32.514129638671875,32.514129638671875,32.443601960067504,32.443601960067504,500.0
2023-02-27,32.52765655517578,32.83972753497936,32.52765655517578,32.83972753497936,1400.0
2023-02-28,32.42814254760742,32.54021802264376,32.42814254760742,32.45326361169528,1100.0
2023-03-01,32.33732986450195,32.4146206368087,32.2600354065926,32.2600354065926,1500.0
2023-03-02,32.47258758544922,32.47258758544922,32.22621613741644,32.22621613741644,300.0
2023-03-03,32.87160873413086,32.87160873413086,32.6271722314733,32.65615580640921,2000.0
2023-03-06,32.8416633605957,32.94600645389203,32.81074484095094,32.94600645389203,900.0
2023-03-07,32.32959747314453,32.51123500581792,32.318002568658386,32.51123500581792,11500.0
2023-03-08,32.31317138671875,32.31317138671875,32.31317138671875,32.31317138671875,100.0
2023-03-09,31.641691207885746,31.88323083542685,31.60304398293463,31.88323083542685,26100.0
2023-03-10,31.02914810180664,31.284213891973547,31.02914810180664,31.284213891973547,13300.0
2023-03-13,30.600173950195312,30.820456872372606,30.55959362586673,30.723840650392525,8300.0
2023-03-14,30.95088768005371,31.148951943434422,30.810794254014183,31.148951943434422,22800.0
2023-03-15,30.518049240112305,30.54993338548144,30.192453920233373,30.48230074074716,20100.0
2023-03-16,30.94799041748047,30.94799041748047,30.39534542795268,30.41466904016295,1500.0
2023-03-17,30.50742149353028,30.83011808390753,30.43399323995444,30.79147270154195,18000.0
2023-03-20,30.92673110961914,30.97504198176729,30.85910215413527,30.880357021367374,27300.0
2023-03-21,31.23590660095215,31.30353740224472,31.14412036251127,31.22624295185193,18800.0
2023-03-22,30.665870666503903,31.197258948876502,30.665870666503903,31.197258948876502,12300.0
2023-03-23,30.481334686279297,30.481334686279297,30.28810408957528,30.28810408957528,500.0
2023-03-24,30.632055282592773,30.63688526427824,30.2455922497172,30.2455922497172,1500.0
2023-03-27,30.93832778930664,31.023350948716544,30.93832778930664,31.023350948716544,800.0
2023-03-28,30.973108291625977,30.99436684531876,30.888086976462645,30.99436684531876,5300.0
2023-03-29,31.429134368896484,31.429134368896484,31.23590562018613,31.27744972744681,17800.0
2023-03-30,31.470684051513672,31.470684051513672,31.470684051513672,31.470684051513672,100.0
2023-03-31,31.853281021118164,31.853281021118164,31.612707025972192,31.612707025972192,1600.0
2023-04-03,32.105445861816406,32.134429436836086,31.969218636501363,31.98950787613557,9100.0
2023-04-04,31.723812103271484,31.805934687707182,31.67067309320085,31.805934687707182,700.0
2023-04-05,31.85521125793457,31.85521125793457,31.85521125793457,31.85521125793457,100.0
2023-04-06,31.887096405029297,31.887096405029297,31.873570245122654,31.873570245122654,2500.0
2023-04-10,32.0571403503418,32.0571403503418,31.89289148357441,31.89289148357441,15100.0
2023-04-11,32.17307662963867,32.274522827712055,32.17307662963867,32.274522827712055,800.0
2023-04-12,32.004966735839844,32.197233549966285,31.999169283453835,32.163418149049804,10300.0
2023-04-13,32.33732986450195,32.35665347897929,32.0764665974618,32.0764665974618,17200.0
2023-04-14,32.21075820922852,32.31800185936614,32.05713862776634,32.31800185936614,3000.0
2023-04-17,32.384666442871094,32.384666442871094,32.192399641192296,32.192399641192296,1100.0
2023-04-18,32.42524719238281,32.433941528206745,32.33732714953418,32.34698711316052,13700.0
2023-04-19,32.33152770996094,32.37596869975388,32.33152770996094,32.37210618878166,1400.0
2023-04-20,32.08226013183594,32.14409347924953,32.08226013183594,32.14409347924953,300.0
2023-04-21,32.049407958984375,32.057136666131846,32.00882948225873,32.0474730179961,3200.0
2023-04-24,32.10737991333008,32.10737991333008,32.018494239421074,32.07646508011082,3500.0
2023-04-25,31.64265823364257,31.709323409667736,31.64265823364257,31.709323409667736,300.0
2023-04-26,31.23590660095215,31.44845896832783,31.23590660095215,31.44845896832783,5800.0
2023-04-27,31.67067527770996,31.67067527770996,31.62236808856882,31.62236808856882,2100.0
2023-04-28,31.999168395996094,32.09578645707952,31.941201244948218,32.04747558373672,6400.0
2023-05-01,31.970186233520508,32.09578787567933,31.970186233520508,32.09578787567933,1500.0
2023-05-02,31.380828857421875,31.58372126576327,31.26489086488427,31.58372126576327,16700.0
2023-05-03,31.12866401672364,31.52575450242066,31.12866401672364,31.52575450242066,2300.0
2023-05-04,30.723840713500977,30.860069789480846,30.71418074980417,30.762487939492857,12700.0
2023-05-05,31.350879669189453,31.35184529700077,31.274550844867264,31.313198070934018,1900.0
2023-05-08,31.339284896850582,31.339284896850582,31.293874590310125,31.32962124749184,400.0
2023-05-09,31.15861320495605,31.2938748121184,31.15861320495605,31.2938748121184,27200.0
2023-05-10,31.152814865112305,31.216583155588207,31.110305128529887,31.19725954288649,9600.0
2023-05-11,30.98760414123535,30.98760414123535,30.86876558132065,30.86876558132065,900.0
2023-05-12,30.94219207763672,30.95571823723568,30.76731578779171,30.936394625579727,3500.0
2023-05-15,31.14895248413086,31.14895248413086,31.033010807435925,31.033010807435925,9700.0
2023-05-16,30.60790252685547,30.89774934875023,30.60790252685547,30.82528856467712,18700.0
2023-05-17,31.174070358276367,31.174070358276367,30.83011889073684,30.83011889073684,1100.0
2023-05-18,31.35957336425781,31.35957336425781,31.35957336425781,31.35957336425781,200.0
2023-05-19,31.31416320800781,31.34218115650632,31.264890391186395,31.34218115650632,2700.0
2023-05-22,31.421405792236328,31.438798148781803,31.40981088787268,31.40981088787268,600.0
2023-05-23,31.168272018432617,31.516089672928576,31.168272018432617,31.516089672928576,7200.0
2023-05-24,30.91610717773437,30.989535432041244,30.91610717773437,30.965379994671007,8000.0
2023-05-25,30.910308837890625,30.946055493418168,30.801132087363285,30.81079389347376,28300.0
2023-05-26,31.14798164367676,31.158610920146817,31.023349322902984,31.023349322902984,3400.0
2023-05-30,31.065860748291016,31.19725984168028,31.004027398414664,31.19725984168028,700.0
2023-05-31,30.89484977722168,30.89484977722168,30.888086697181187,30.888086697181187,2300.0
2023-06-01,31.16730690002441,31.24556697924571,31.10547355025067,31.10547355025067,3200.0
2023-06-02,31.882265090942383,31.882265090942383,31.76729272989556,31.76729272989556,600.0
2023-06-05,31.81366920471192,31.91124921057668,31.738306009368102,31.77212141025227,2400.0
2023-06-06,31.970186233520508,31.970186233520508,31.941202656715525,31.941202656715525,10800.0
2023-06-07,32.125736236572266,32.14409422134771,32.125736236572266,32.134430572264954,500.0
2023-06-08,32.1837043762207,32.22138228479853,32.01848989829657,32.01848989829657,5500.0
2023-06-09,32.12670135498047,32.15375367501967,32.11027831164332,32.11027831164332,500.0
2023-06-12,32.25616836547852,32.25616836547852,32.11510931664455,32.11510931664455,22100.0
2023-06-13,32.53731918334961,32.53731918334961,32.53731918334961,32.53731918334961,100.0
2023-06-14,32.32766342163086,32.5595430897239,32.32766342163086,32.5595430897239,1200.0
2023-06-15,32.74311065673828,32.95566670406297,32.45809567110031,32.59818909450957,11500.0
2023-06-16,32.746978759765625,32.907361432359735,32.74021567942253,32.907361432359735,8100.0
2023-06-20,32.5237922668457,32.540218996010715,32.44360461900113,32.511235420028285,2700.0
2023-06-21,32.43877410888672,32.46292586131663,32.43877410888672,32.443605933613654,1100.0
2023-06-22,32.30834197998047,32.31800562983499,32.22138755930243,32.24071117340894,9600.0
2023-06-23,32.07646179199219,32.16341620131201,31.989507382672368,32.11510901515701,2900.0
2023-06-26,32.20689392089844,32.25037297154229,32.20689392089844,32.21172574554827,700.0
2023-06-27,32.565338134765625,32.588524257059774,32.313169244705925,32.313169244705925,2400.0
2023-06-28,32.46872329711914,32.46872329711914,32.43394226742839,32.43394226742839,11900.0
2023-06-29,32.715091705322266,32.715091705322266,32.675478854605366,32.68514250315205,500.0
2023-06-30,33.03489303588867,33.04262174374886,32.98658216195861,32.98658216195861,600.0
2023-07-03,33.16628646850586,33.16628646850586,33.13923414980274,33.13923414980274,2200.0
2023-07-05,33.10542297363281,33.11991476255746,33.07160757094115,33.11991476255746,2100.0
2023-07-06,32.78755569458008,32.78755569458008,32.76726645450824,32.78175824233067,500.0
2023-07-07,32.84262466430664,32.878371318562415,32.84262466430664,32.878371318562415,200.0
2023-07-10,33.08320236206055,33.09093107042017,33.0426238789707,33.07160745671989,6300.0
2023-07-11,33.52763366699219,33.52763366699219,33.37111719082007,33.38560897936903,7400.0
2023-07-12,33.56241226196289,33.71893241238318,33.554683554337586,33.71893241238318,1100.0
2023-07-13,33.803955078125,33.803955078125,33.7575791423861,33.78656640572445,3400.0
2023-07-14,33.5759391784668,33.680285947765505,33.5759391784668,33.680285947765505,3200.0
2023-07-17,33.671592712402344,33.70927062485629,33.62231620946688,33.63197985873366,5400.0
2023-07-18,33.93728256225586,34.00877955830663,33.82520708656599,33.970132334192584,2600.0
2023-07-19,34.16916275024414,34.16916275024414,34.13438172224398,34.14404168562095,1100.0
2023-07-20,34.27350616455078,34.27350616455078,34.269643653403655,34.269643653403655,4700.0
2023-07-21,34.33244323730469,34.33727506192631,34.33244323730469,34.33727506192631,200.0
2023-07-24,34.4725341796875,34.4725341796875,34.3662561592924,34.3662561592924,2800.0
2023-07-25,34.416500091552734,34.4435524119376,34.395241537877,34.4435524119376,8400.0
2023-07-26,34.4715690612793,34.491858300803486,34.443551114165246,34.48219465211458,19700.0
2023-07-27,34.2696418762207,34.694750273300336,34.2696418762207,34.694750273300336,6200.0
2023-07-28,34.395240783691406,34.395240783691406,34.395240783691406,34.395240783691406,100.0
2023-07-31,34.48026657104492,34.50152144027441,34.414567022079275,34.48219782671967,11300.0
2023-08-01,34.512149810791016,34.512149810791016,34.35659896420564,34.35659896420564,14800.0
2023-08-02,34.211669921875,34.22906227737261,34.09573194203004,34.22906227737261,6200.0
2023-08-03,33.962406158447266,33.962406158447266,33.883180448787705,33.883180448787705,7700.0
2023-08-04,33.701541900634766,33.97979381838597,33.701541900634766,33.92182666522239,400.0
2023-08-07,34.036800384521484,34.036800384521484,33.9604752432028,34.00878243462991,6600.0
2023-08-08,33.869651794433594,33.869651794433594,33.78656357955287,33.78656357955287,28400.0
2023-08-09,33.76240921020508,33.950809826888886,33.76240921020508,33.91216260151727,7100.0
2023-08-10,33.81458282470703,34.15370246279168,33.81458282470703,34.15370246279168,1400.0
2023-08-11,33.84260177612305,33.85419668127702,33.78656587721621,33.78656587721621,3100.0
2023-08-14,33.80491638183594,33.80491638183594,33.75757482430849,33.776898435528146,1800.0
2023-08-15,33.3266716003418,33.429083430809136,33.3266716003418,33.429083430809136,25400.0
2023-08-16,33.13053894042969,33.28415851346928,33.11990966453309,33.28415851346928,13200.0
2023-08-17,32.933448791503906,32.933448791503906,32.933448791503906,32.933448791503906,200.0
2023-08-18,32.96339416503906,32.96339416503906,32.9460018091404,32.9460018091404,400.0
2023-08-21,33.04841995239258,33.04841995239258,32.90736089530975,32.90736089530975,700.0
2023-08-22,32.88320541381836,33.008807054659094,32.830066399831985,33.008807054659094,5800.0
2023-08-23,33.084163665771484,33.09092674540252,33.069671878790984,33.09092674540252,2100.0
2023-08-24,32.8619499206543,32.93344691834648,32.80108219979826,32.907360225750715,7300.0
2023-08-25,33.01750183105469,33.10059005045362,33.01750183105469,33.10059005045362,3500.0
2023-08-28,33.210731506347656,33.28415975585963,33.210731506347656,33.245512532831846,1000.0
2023-08-29,33.520870208740234,33.520870208740234,33.17788436973931,33.17788436973931,34700.0
2023-08-30,33.58463668823242,33.62231459888151,33.554683799663,33.61265463567978,9500.0
2023-08-31,33.466766357421875,33.6513044707525,33.466766357421875,33.6513044707525,1500.0
2023-09-01,33.5759391784668,33.644539292092,33.54502434726881,33.644539292092,1100.0
2023-09-05,33.352760314941406,33.50637991275523,33.352760314941406,33.50637991275523,1200.0
2023-09-06,33.226192474365234,33.2455160879455,33.19720889679605,33.226192474365234,1300.0
2023-09-07,33.18368148803711,33.18368148803711,33.11025323343421,33.11025323343421,400.0
2023-09-08,33.21942901611328,33.227157724337005,33.216532132630284,33.216532132630284,2900.0
2023-09-11,33.365318298339844,33.40009932647679,33.36145210161253,33.36145210161253,600.0
2023-09-12,33.38077545166016,33.46772986412014,33.38077545166016,33.46772986412014,3300.0
2023-09-13,33.28029251098633,33.369178172668704,33.274495059154575,33.369178172668704,2400.0
2023-09-14,33.600093841552734,33.631977985393405,33.58366711295513,33.58366711295513,6500.0
2023-09-15,33.373046875,33.373046875,33.373046875,33.373046875,100.0
2023-09-18,33.319908142089844,33.380775863001666,33.28416148601211,33.28416148601211,5900.0
2023-09-19,33.27159881591797,33.27159881591797,33.13923410575278,33.16822136546902,4300.0
2023-09-20,33.174983978271484,33.390436896853224,33.174983978271484,33.390436896853224,600.0
2023-09-21,32.74214553833008,33.04262162967113,32.74214553833008,33.04262162967113,7500.0
2023-09-22,32.60205078125,32.78175705204795,32.60205078125,32.76243344045227,2800.0
2023-09-25,32.69384002685547,32.694805654683904,32.61751120118043,32.61751120118043,3700.0
2023-09-26,32.28611755371094,32.45809511841094,32.28611755371094,32.45809511841094,1700.0
2023-09-27,32.214622497558594,32.346987218966845,31.99916955764425,32.346987218966845,8700.0
2023-09-28,32.409786224365234,32.4436053112026,32.39529443606483,32.39529443606483,35100.0
2023-09-29,32.29481506347656,32.54988086675396,32.221386805829894,32.54988086675396,9700.0
2023-10-02,31.950862884521484,31.98951011098244,31.945065431992106,31.945065431992106,3100.0
2023-10-03,31.64652442932129,31.64652442932129,31.583721764602988,31.583721764602988,9800.0
2023-10-04,31.763427734375,31.76729393124306,31.448459842909383,31.448459842909383,1100.0
2023-10-05,31.702560424804688,31.72864711859769,31.699663541317644,31.699663541317644,2000.0
2023-10-06,32.01462936401367,32.01462936401367,31.931537463267208,31.931537463267208,2400.0
2023-10-09,32.26486587524414,32.26486587524414,32.26486587524414,32.26486587524414,0.0
2023-10-10,32.54987716674805,32.54987716674805,32.448430970794576,32.52089359236192,3700.0
2023-10-11,32.52958679199219,32.52958679199219,32.337323683059566,32.458093486255216,400.0
2023-10-12,32.24650573730469,32.25037193402064,32.21172470926994,32.21172470926994,7900.0
2023-10-13,32.21075820922852,32.4049562698994,32.115109463322554,32.4049562698994,700.0
2023-10-16,32.59915542602539,32.59915542602539,32.52089534823498,32.52089534823498,1300.0
2023-10-17,32.71413040161133,32.76243759392366,32.607852367162685,32.64166777034157,12000.0
2023-10-18,32.25810241699219,32.51123696175625,32.25810241699219,32.51123696175625,2800.0
2023-10-19,31.91317749023437,32.202062340908974,31.91317749023437,32.134427859845346,2000.0
2023-10-20,31.51705551147461,31.680338748559542,31.51705551147461,31.656183311323808,2300.0
2023-10-23,31.281312942504883,31.453290513177954,31.281312942504883,31.453290513177954,1100.0
2023-10-24,31.456188201904297,31.458123143118023,31.43879953019692,31.458123143118023,1100.0
2023-10-25,31.11803436279297,31.16827280818531,31.07165842864493,31.07165842864493,4300.0
2023-10-26,31.028181076049805,31.2069180353109,30.946054804538445,31.163442672983205,11000.0
2023-10-27,30.57988166809082,30.917071882597327,30.54027065872452,30.917071882597327,14800.0
2023-10-30,30.91610717773437,30.91610717773437,30.685194980627458,30.685194980627458,2400.0
2023-10-31,31.1962947845459,31.200157295832533,31.127694667582087,31.127694667582087,6100.0
2023-11-01,31.1953239440918,31.1953239440918,30.99436648455513,31.00402644790122,12200.0
2023-11-02,31.804004669189453,31.804004669189453,31.64652257391846,31.64652257391846,1600.0
2023-11-03,32.20689392089844,32.318003774230654,32.20689392089844,32.318003774230654,400.0
2023-11-06,32.07356262207031,32.07356262207031,32.042647790671744,32.04747592957638,2900.0
2023-11-07,32.03298568725586,32.14409554266136,32.03298568725586,32.14409554266136,4000.0
2023-11-08,31.963422775268555,32.01849304478777,31.86390782765189,32.01849304478777,12700.0
2023-11-09,31.67260932922364,31.999168424854226,31.67260932922364,31.999168424854226,1200.0
2023-11-10,32.08902359008789,32.08902359008789,31.728645406778814,31.76729263146872,2100.0
2023-11-13,32.04264831542969,32.0474764544134,32.04264831542969,32.0474764544134,200.0
2023-11-14,32.75760269165039,32.88707052503191,32.75760269165039,32.88707052503191,600.0
2023-11-15,33.00300598144531,33.0812660521343,33.00300598144531,33.0522787932114,26400.0
2023-11-16,32.86967849731445,32.86967849731445,32.81074203226309,32.82040568127595,9600.0
2023-11-17,33.12957763671875,33.12957763671875,32.98948420438915,32.98948420438915,4600.0
2023-11-20,33.21749496459961,33.25034473598733,33.21749496459961,33.24551291165329,800.0
2023-11-21,33.18657684326172,33.21942661504,33.18657684326172,33.18754247101959,800.0
2023-11-22,33.69091033935547,33.69091033935547,33.38077429702983,33.38077429702983,16100.0
2023-11-24,33.4638671875,33.47739334746905,33.332468098885194,33.332468098885194,2300.0
2023-11-27,33.42908477783203,33.42908477783203,33.34019910413916,33.37111762288567,3500.0
2023-11-28,33.495750427246094,33.68028854328932,33.448408863423936,33.453240688271805,11600.0
2023-11-29,33.55951690673828,33.55951690673828,33.55951690673828,33.55951690673828,200.0
2023-11-30,33.87834930419922,33.87834930419922,33.6996123255618,33.71410411457538,3700.0
2023-12-01,34.34307098388672,34.34307098388672,34.0667466489989,34.0667466489989,1100.0
2023-12-04,34.33727264404297,34.43388701605848,34.29765979326008,34.43388701605848,3000.0
2023-12-05,34.113121032714844,34.18268676996146,34.113121032714844,34.18268676996146,10700.0
2023-12-06,34.11698913574219,34.404904692386374,34.11698913574219,34.404904692386374,1300.0
2023-12-07,34.26287841796875,34.34693225735822,34.230994274999425,34.230994274999425,7900.0
2023-12-08,34.38751602172852,34.433891958921635,34.38751602172852,34.433891958921635,1600.0
2023-12-11,34.65900421142578,34.65900421142578,34.617460104425064,34.617460104425064,900.0
2023-12-12,34.7227668762207,34.79136329889246,34.6947489305324,34.70440889312764,2600.0
2023-12-13,35.349002838134766,35.349002838134766,34.65395680014836,34.69328133911718,108100.0
2023-12-14,35.6960334777832,35.86807364270853,35.6960334777832,35.843494869064486,19000.0
2023-12-15,35.5161247253418,35.57805918352943,35.40110251722354,35.57805918352943,3400.0
2023-12-18,35.5711784362793,35.833665789390885,35.5289062455706,35.5289062455706,27400.0
2023-12-19,35.82383346557617,35.843495734927515,35.60755600310019,35.60755600310019,6900.0
2023-12-20,35.315574645996094,35.89264702280919,35.315574645996094,35.76484790625558,5500.0
2023-12-21,35.64687728881836,35.64687728881836,35.469924362576904,35.48565267819959,2800.0
2023-12-22,35.7530517578125,35.86020981159605,35.7530517578125,35.843495195311554,6300.0
2023-12-26,36.04994201660156,36.04994201660156,35.98407735548884,36.02045048924346,3800.0
2023-12-27,35.96343231201172,36.028314421833755,35.9388535392371,35.99095873742608,6200.0
2023-12-28,36.0469970703125,36.09910227273843,36.0469970703125,36.06076028413884,900.0
2023-12-29,36.04994201660156,36.06960428490504,35.92214289792029,35.97129669358187,15300.0
2024-01-02,35.950653076171875,35.950653076171875,35.84349502290375,35.84349502290375,400.0
2024-01-03,35.57609558105469,35.77467962602144,35.548569154033444,35.548569154033444,4000.0
2024-01-04,35.587894439697266,35.587894439697266,35.587894439697266,35.587894439697266,100.0
2024-01-05,35.70586395263672,35.750104996663204,35.63213137938888,35.750104996663204,1500.0
2024-01-08,36.07157516479492,36.07157516479492,35.69603444453251,35.69603444453251,2300.0
2024-01-09,35.93983840942383,35.97129879058227,35.89658366675111,35.89658366675111,600.0
2024-01-10,35.973262786865234,35.973262786865234,35.97228023595211,35.97228023595211,600.0
2024-01-11,35.945735931396484,35.945735931396484,35.71569526405942,35.71569526405942,300.0
2024-01-12,35.8651237487793,35.8651237487793,35.75501803859444,35.79434257800174,600.0
2024-01-16,35.56331253051758,35.59182150656181,35.469921445220365,35.54856676705982,4600.0
2024-01-17,35.367679595947266,35.367679595947266,35.288047973730755,35.34998242983444,1000.0
2024-01-18,35.46992111206055,35.479750370875344,35.2143153805463,35.26346917500854,2400.0
2024-01-19,35.765830993652344,35.765830993652344,35.63704557410296,35.63704557410296,500.0
2024-01-22,35.913291931152344,35.92214238938986,35.8828178533396,35.8828178533396,300.0
2024-01-23,35.92902374267578,35.92902374267578,35.88773410517202,35.892646859498086,500.0
2024-01-24,35.814002990722656,36.069604983228,35.814002990722656,36.069604983228,3400.0
2024-01-25,36.0676383972168,36.0676383972168,35.903462398164095,35.93197137401495,2100.0
2024-01-26,36.12564468383789,36.12564468383789,36.06960552965169,36.089267798633706,1100.0
2024-01-29,36.34683990478516,36.35470406261122,36.1482558564477,36.1482558564477,1400.0
2024-01-30,36.49331665039063,36.679123775436906,36.47267183096263,36.49331665039063,3500.0
2024-01-31,36.08828353881836,36.44317941422042,36.08828353881836,36.31537654698637,7500.0
2024-02-01,36.28490447998047,36.28490447998047,36.28490447998047,36.28490447998047,100.0
2024-02-02,36.50904846191406,36.56114991047398,36.42450033279987,36.47857063333517,6400.0
2024-02-05,36.18462753295898,36.18462753295898,36.17774592636449,36.17774592636449,600.0
2024-02-06,36.35273742675781,36.35273742675781,36.19740812811525,36.19740812811525,200.0
2024-02-07,36.52183151245117,36.69878818937729,36.52183151245117,36.5365772771626,1200.0
2024-02-08,36.41368865966797,36.41368865966797,36.41368865966797,36.41368865966797,1800.0
2024-02-09,36.58867645263672,36.58867645263672,36.58867645263672,36.58867645263672,100.0
2024-02-12,36.73024368286133,36.870827219131215,36.73024368286133,36.85608145487659,400.0
2024-02-13,36.25934219360352,36.25934219360352,36.05977560490018,36.05977560490018,800.0
2024-02-14,36.512977600097656,36.512977600097656,36.305546862412506,36.305546862412506,12100.0
2024-02-15,36.96421813964844,36.96421813964844,36.8069237379978,36.87180960065329,2000.0
2024-02-16,36.80299377441406,36.89540231401206,36.80299377441406,36.8855730545548,1700.0
2024-02-20,36.724342346191406,36.74400461404115,36.649627228440025,36.74400461404115,3600.0
2024-02-21,36.758750915527344,36.758750915527344,36.53165790635846,36.56114943346777,2600.0
2024-02-22,37.08808898925781,37.08808898925781,36.92489553990179,36.95438706682834,24000.0
2024-02-23,37.18836212158203,37.22965175984616,37.16575220068335,37.22965175984616,5600.0
2024-02-26,37.04090118408203,37.04286628587246,37.003541748898186,37.01337475823888,5500.0
2024-02-27,37.14510726928711,37.14510726928711,37.07235725200599,37.08219026119776,7200.0
2024-02-28,37.052696228027344,37.082191506398885,37.04188441778639,37.04188441778639,2400.0
2024-02-29,37.272911071777344,37.272911071777344,37.06252892209122,37.24439834456182,1200.0
2024-03-01,37.3554916381836,37.3554916381836,37.29846993198067,37.29846993198067,1800.0
2024-03-04,37.417423248291016,37.49508601868153,37.36728315267456,37.36728315267456,900.0
2024-03-05,37.26995849609375,37.38203304903637,37.170668355096296,37.36728353534311,3700.0
2024-03-06,37.536376953125,37.603227916127416,37.43610425881565,37.47542504570448,3200.0
2024-03-07,37.80574798583984,37.80574798583984,37.69170832210561,37.69170832210561,4900.0
2024-03-08,37.79100036621094,37.93158014933138,37.79100036621094,37.91781693629046,1900.0
2024-03-11,37.88832473754883,37.92764927416784,37.868662469239325,37.868662469239325,1500.0
2024-03-12,38.17342376708984,38.17342376708984,37.96598926446337,37.96598926446337,1800.0
2024-03-13,38.15867233276367,38.26189642832062,38.15375957835206,38.22945724842715,5400.0
2024-03-14,37.87456130981445,38.17342178611213,37.69170559074857,38.17342178611213,5400.0
2024-03-15,37.72808074951172,37.73103215250664,37.72808074951172,37.73103215250664,100.0
2024-03-18,37.90503692626953,37.90798832922581,37.89815531963068,37.89815531963068,2600.0
2024-03-19,38.12426376342773,38.12426376342773,37.99646464703184,38.01809201672065,19400.0
2024-03-20,38.40641403198242,38.40641403198242,38.173421965542914,38.173421965542914,200.0
2024-03-21,38.67479705810547,38.6944593265874,38.48801113281855,38.61581025265969,1900.0
2024-03-22,38.46048355102539,38.49783923488232,38.46048355102539,38.49783923488232,400.0
2024-03-25,38.3464469909668,38.412315406205806,38.31105640598555,38.412315406205806,5400.0
2024-03-26,38.35234451293945,38.4093624670069,38.35234451293945,38.39166530012685,800.0
2024-03-27,38.81832885742188,38.81832885742188,38.556827807841245,38.576490076634464,6000.0
2024-03-28,39.029693603515625,39.029693603515625,38.79276757701181,38.9795572556623,11800.0
2024-04-01,38.82324600219727,38.82324600219727,38.77310590337995,38.77310590337995,1400.0
2024-04-02,38.52438354492188,38.52438354492188,38.45851513425157,38.45851513425157,700.0
2024-04-03,38.477195739746094,38.49784055921267,38.477195739746094,38.49784055921267,6900.0
2024-04-04,38.21274185180664,38.81242789485636,38.1734210663464,38.81242789485636,6400.0
2024-04-05,38.5273323059082,38.53716531534489,38.33071711950596,38.33071711950596,3900.0
2024-04-08,38.50373840332031,38.556826151762365,38.50373840332031,38.556826151762365,800.0
2024-04-09,38.63645553588867,38.64530599443805,38.46834932617051,38.64530599443805,7400.0
2024-04-10,38.183250427246094,38.183250427246094,37.9866314986427,38.01121027104093,5300.0
2024-04-11,38.13606262207031,38.173422056969706,38.13606262207031,38.173422056969706,2200.0
2024-04-12,37.4990234375,37.52458101290778,37.4754272138073,37.52458101290778,500.0
2024-04-15,37.21588897705078,37.57373626300175,37.08219080168647,37.57373626300175,1500.0
2024-04-16,37.00747680664063,37.04286739089551,36.895402247940055,36.94455979572145,1700.0
2024-04-17,36.93472671508789,36.983880512580434,36.90523518663124,36.92489745566713,2900.0
2024-04-18,36.90326690673828,36.90326690673828,36.90326690673828,36.90326690673828,100.0
2024-04-19,37.09202194213867,37.09202194213867,36.983881335133326,36.983881335133326,1200.0
2024-04-22,37.36827087402344,37.4508501520667,37.160836377819685,37.180498646429164,27000.0
2024-04-23,37.67597961425781,37.68187867010268,37.67597961425781,37.68187867010268,2200.0
2024-04-24,37.69760513305664,37.69760513305664,37.51474941162935,37.6130570036943,200.0
2024-04-25,37.425289154052734,37.425289154052734,37.425289154052734,37.425289154052734,100.0
2024-04-26,37.52359771728516,37.52359771728516,37.44593494125931,37.44593494125931,2200.0
2024-04-29,37.6268196105957,37.6268196105957,37.6268196105957,37.6268196105957,100.0
2024-04-30,37.25914764404297,37.397762324730586,37.25914764404297,37.397762324730586,14600.0
2024-05-01,37.14019012451172,37.46559446961585,37.00354055061632,37.00354055061632,1700.0
2024-05-02,37.28765869140625,37.28765869140625,37.04286849689252,37.04286849689252,2600.0
2024-05-03,37.47444152832031,37.47444152832031,37.3289452450984,37.3289452450984,1900.0
2024-05-06,37.73102951049805,37.73102951049805,37.54423984076764,37.60322664439737,1000.0
2024-05-07,37.790016174316406,37.790016174316406,37.731033115245694,37.731033115245694,400.0
2024-05-08,37.85784912109375,37.85784912109375,37.672045737474846,37.6917080069332,5000.0
2024-05-09,38.12820053100586,38.12820053100586,38.025958980227095,38.025958980227095,3600.0
2024-05-10,38.20291519165039,38.20291519165039,38.16359065332106,38.16359065332106,3400.0
2024-05-13,38.16358947753906,38.3503754035571,38.16358947753906,38.3503754035571,300.0
2024-05-14,38.27074813842773,38.28155994868113,38.14392781677012,38.28155994868113,6200.0
2024-05-15,38.525367736816406,38.525367736816406,38.39953371576343,38.39953371576343,2100.0
2024-05-16,38.50275802612305,38.56665758791814,38.478179252251046,38.52733304980068,2200.0
2024-05-17,38.4752311706543,38.49784109223236,38.41034530846424,38.428042475478165,4000.0
2024-05-20,38.40837860107422,38.54699327787535,38.40837860107422,38.54699327787535,900.0
2024-05-21,38.38970184326172,38.38970184326172,38.340548044525576,38.340548044525576,400.0
2024-05-22,38.30122375488281,38.30614025984678,38.15376235771409,38.30614025984678,8400.0
2024-05-23,37.72414779663086,38.06528045541828,37.6622133405837,38.06528045541828,3100.0
2024-05-24,37.84212112426758,37.84212112426758,37.82934046150231,37.82934046150231,400.0
2024-05-28,37.5383415222168,37.58356511424002,37.50491979138414,37.53441131868082,4600.0
2024-05-29,37.22080612182617,37.259148108542746,37.17066977397661,37.24931509903856,2500.0
2024-05-30,37.209991455078125,37.24931599365071,37.20016219553219,37.24931599365071,4300.0
2024-05-31,37.78018569946289,37.78018569946289,37.78018569946289,37.78018569946289,700.0
2024-06-03,37.566856384277344,37.566856384277344,37.566856384277344,37.566856384277344,0.0
2024-06-04,37.49705123901367,37.49705123901367,37.49705123901367,37.49705123901367,100.0
2024-06-05,37.64353561401367,37.64353561401367,37.64353561401367,37.64353561401367,100.0
2024-06-06,37.58552932739258,37.58552932739258,37.56390195787339,37.56390195787339,500.0
2024-06-07,37.536376953125,37.536376953125,37.536376953125,37.536376953125,100.0
2024-06-10,37.586517333984375,37.59339894051611,37.386946994369744,37.386946994369744,1200.0
2024-06-11,37.45576477050781,37.45576477050781,37.45576477050781,37.45576477050781,100.0
2024-06-12,37.52261352539063,37.52261352539063,37.4361040445361,37.4361040445361,1800.0
2024-06-13,37.41840744018555,37.41840744018555,37.32796400420841,37.35745553219797,10900.0
2024-06-14,37.23948669433594,37.27880748267212,37.11660032407366,37.27880748267212,8300.0
2024-06-17,37.52261352539063,37.52261352539063,37.16083603672429,37.16083603672429,100.0
2024-06-18,37.62387466430664,37.62387466430664,37.56095765186488,37.56095765186488,300.0
2024-06-20,37.86276245117188,37.86276245117188,37.77035016748595,37.78018317648784,2500.0
2024-06-21,37.96500396728516,37.96500396728516,37.554072695873245,37.554072695873245,4400.0
2024-06-24,38.21569442749024,38.21569442749024,38.21569442749024,38.21569442749024,100.0
2024-06-25,38.00629425048828,38.00629425048828,37.937478187129926,37.937478187129926,32900.0
2024-06-26,37.87849426269531,37.88832727260509,37.74086212551423,37.74577863046912,2400.0
2024-06-27,37.90503692626953,37.90503692626953,37.78018545584955,37.78018545584955,1500.0
2024-06-28,37.97680282592773,37.97680282592773,37.97680282592773,37.97680282592773,500.0
2024-07-01,37.79394912719727,38.0652831923574,37.73103211576439,38.02595865388895,3800.0
2024-07-02,37.93748092651367,37.93748092651367,37.77035351043676,37.77035351043676,300.0
2024-07-03,37.97582244873047,38.0357880573983,37.88832666287499,38.0357880573983,4400.0
2024-07-05,37.95026016235352,37.95026016235352,37.86866343437686,37.86866343437686,200.0
2024-07-08,37.977787017822266,37.977787017822266,37.977787017822266,37.977787017822266,100.0
2024-07-09,37.96992111206055,38.05544804071146,37.96992111206055,38.05544804071146,500.0
2024-07-10,38.26877975463867,38.26877975463867,38.12426601436394,38.12426601436394,4300.0
2024-07-11,38.59221649169922,38.59221649169922,38.40936077609913,38.40936077609913,4400.0
2024-07-12,38.817344665527344,38.871414964874326,38.817344665527344,38.871414964874326,3200.0
2024-07-15,38.91270446777344,39.02870922321163,38.87141483025447,39.0188762141676,10600.0
2024-07-16,39.53696823120117,39.53696823120117,39.45144129773421,39.49076208600928,4500.0
2024-07-17,39.43374252319336,39.46126894896123,39.38262362542199,39.46126894896123,1800.0
2024-07-18,39.16142654418945,39.17617230820164,39.156513789648265,39.156513789648265,3100.0
2024-07-19,38.83209228515625,39.14668108719766,38.8026007569006,39.14668108719766,900.0
2024-07-22,39.05131912231445,39.05131912231445,38.97955540722541,38.97955540722541,200.0
2024-07-23,39.00904846191406,39.077864527103486,38.940232396724646,39.02871073056737,10400.0
2024-07-24,38.44180679321289,38.44180679321289,38.44180679321289,38.44180679321289,100.0
2024-07-25,38.7141227722168,38.8615841650236,38.7141227722168,38.8615841650236,4100.0
2024-07-26,39.2253303527832,39.34330021657151,39.16634354579188,39.16634354579188,1800.0
2024-07-29,39.31085586547852,39.34329879566177,39.31085586547852,39.34329879566177,2700.0
2024-07-30,39.38950729370117,39.38950729370117,39.2351605410268,39.32363887851122,5300.0
2024-07-31,39.50551223754883,39.66280664376841,39.50551223754883,39.62839860960146,3100.0
2024-08-01,39.00806427001953,39.60873286389988,38.90090622293495,39.60873286389988,1100.0
2024-08-02,38.20783233642578,38.588285813041296,38.11443749387797,38.588285813041296,1700.0
2024-08-05,37.37318420410156,37.68974185833686,37.31813135122488,37.36728514840844,6300.0
2024-08-06,37.73102951049805,38.00629376038184,37.52457757289106,37.52457757289106,3900.0
2024-08-07,37.48722457885742,37.63272087135082,37.48722457885742,37.63272087135082,1300.0
2024-08-08,38.194068908691406,38.23240714632448,37.721199392929975,37.721199392929975,4000.0
2024-08-09,38.30908584594727,38.30908584594727,38.25010279033968,38.25010279033968,500.0
2024-08-12,38.10361862182617,38.11443418167603,38.10361862182617,38.11443418167603,100.0
2024-08-13,38.51356887817383,38.51356887817383,38.49784056339595,38.50766982258356,1000.0
2024-08-14,38.66889953613281,38.66889953613281,38.60598252461194,38.62564479387366,6500.0
2024-08-15,39.16634368896485,39.23515975560911,39.16634368896485,39.2253304961718,500.0
2024-08-16,39.301029205322266,39.301029205322266,39.07786638321156,39.07786638321156,200.0
2024-08-19,39.603816986083984,39.603816986083984,39.44160608659701,39.44160608659701,200.0
2024-08-20,39.42686080932617,39.47110185072928,39.4022857864971,39.46520279519592,2800.0
2024-08-21,39.71490478515625,39.71490478515625,39.657886833344726,39.657886833344726,300.0
2024-08-22,39.603816986083984,39.76602788557096,39.603816986083984,39.73161985387925,13100.0
2024-08-23,40.15041732788086,40.15041732788086,40.06095644094093,40.08061871007638,5300.0
2024-08-26,40.179908752441406,40.29689981602351,40.17007949299633,40.28706680638406,2600.0
2024-08-27,40.24282836914063,40.24282836914063,40.19956987830712,40.23791186446072,1100.0
2024-08-28,40.032447814941406,40.129772860351615,39.93413646840054,40.129772860351615,2000.0
2024-08-29,40.24872970581055,40.42470008122625,40.24872970581055,40.42470008122625,1300.0
2024-08-30,40.581993103027344,40.581993103027344,40.297882129387546,40.32639110682402,5100.0
2024-09-03,39.96363067626953,40.4158516076529,39.96363067626953,40.41486905674299,1600.0
2024-09-04,39.9243049621582,40.13960361130182,39.894813434952745,40.13960361130182,4100.0
2024-09-05,39.7601318359375,39.942987568263206,39.64806102429613,39.92332529863947,7000.0
2024-09-06,39.17715835571289,39.41211552786725,39.16634279540367,39.39245325924685,49300.0
2024-09-09,39.48191452026367,39.67755090723671,39.46225225145581,39.480931969352426,1900.0
2024-09-10,39.4130973815918,39.47110163552508,39.30397423030514,39.30495678118963,8500.0
2024-09-11,39.41211700439453,39.46127080268988,38.79276864532878,38.79276864532878,6600.0
2024-09-12,39.67853164672852,39.780773189745226,39.44160563113351,39.44160563113351,5900.0
2024-09-13,40.05210876464844,40.11010926953135,40.01180167642384,40.031463945084205,2000.0
2024-09-16,40.42568206787109,40.48368632502775,40.277238121984254,40.346054189665416,3100.0
2024-09-17,40.50334548950195,40.74911821243559,40.473850212617904,40.690131408861625,9600.0
2024-09-18,40.51121139526367,40.72159354521168,40.473851959662646,40.50334723781985,2400.0
2024-09-19,40.97129821777344,41.08337277912929,40.91624536314055,40.91624536314055,4600.0
2024-09-20,40.9172248840332,40.9172248840332,40.78844321590687,40.78844321590687,4300.0
2024-09-23,41.08337020874024,41.10303247704959,41.034216413063966,41.10303247704959,2600.0
2024-09-24,41.121707916259766,41.16594895693629,41.121707916259766,41.15218574431589,400.0
2024-09-25,40.85726165771485,41.07353911883583,40.83759938848668,41.06370985931895,11300.0
2024-09-26,41.16299819946289,41.201340185304055,41.12269486203772,41.15218638948832,1600.0
2024-09-27,41.3576545715332,41.36847013236636,41.338974852909786,41.36847013236636,1500.0
2024-09-30,41.40877151489258,41.40877151489258,41.14235396259416,41.14235396259416,900.0
2024-10-01,41.19151306152344,41.240666859887234,41.03421865664264,41.03421865664264,300.0
2024-10-02,41.17283248901367,41.17283248901367,41.17283248901367,41.17283248901367,100.0
2024-10-03,41.04404830932617,41.04404830932617,41.00570632113021,41.01455678006433,4900.0
2024-10-04,41.51691055297852,41.52576101116088,41.40778740374531,41.43728268069628,2200.0
2024-10-07,41.24656295776367,41.43728283190122,41.24656295776367,41.43728283190122,100.0
2024-10-08,41.29964828491211,41.30948129431274,41.211169951277824,41.211169951277824,6300.0
2024-10-09,41.53559112548828,41.54542038454496,41.50609959812405,41.51592885718072,3500.0
2024-10-10,41.46186065673828,41.476606421167205,41.39796109414815,41.476606421167205,3600.0
2024-10-11,41.8944206237793,41.8944206237793,41.86984185104311,41.86984185104311,1000.0
2024-10-14,42.19425964355469,42.19425964355469,41.53559054040362,41.53559054040362,13000.0
2024-10-15,41.99469375610352,42.282738674642026,41.99469375610352,42.282738674642026,2500.0
2024-10-16,42.272911071777344,42.3122356100303,42.272911071777344,42.3122356100303,9800.0
2024-10-17,42.27389144897461,42.38104949763579,42.27389144897461,42.32206269328948,800.0
2024-10-18,42.31321716308594,42.38105067740454,42.31321716308594,42.36138840874175,2600.0
2024-10-21,42.00944137573242,42.28274054262632,41.99764701435307,42.28274054262632,3600.0
2024-10-22,41.98486709594727,41.98781474879574,41.85018261197746,41.85018261197746,1800.0
2024-10-23,41.81577301025391,41.93865937783432,41.63389983616494,41.850181043168654,4800.0
2024-10-24,41.79021072387695,41.8600130892068,41.72237721052143,41.84035082082318,2200.0
2024-10-25,41.44514846801758,41.66339477506847,41.44514846801758,41.66339477506847,200.0
2024-10-28,41.67518997192383,41.702716398583405,41.66339561063713,41.702716398583405,2700.0
2024-10-29,41.65356063842773,41.73220971100333,41.65356063842773,41.722376701834285,1400.0
2024-10-30,41.63291549682617,41.850179245409535,41.63291549682617,41.850179245409535,3500.0
2024-10-31,41.22198486328125,41.46677504082609,41.22198486328125,41.46677504082609,36900.0
2024-11-01,41.25835800170898,41.496266572886334,41.25835800170898,41.496266572886334,2400.0
2024-11-04,41.204288482666016,41.27015689521012,41.204288482666016,41.27015689521012,400.0
2024-11-05,41.6152229309082,41.6152229309082,41.47660450126512,41.47660450126512,6700.0
2024-11-06,42.74577713012695,42.75462758892211,42.57767091574053,42.57767091574053,700.0
2024-11-07,42.92765045166016,42.92765045166016,42.92765045166016,42.92765045166016,100.0
2024-11-08,43.128196716308594,43.13802972541354,43.08887593047133,43.08887593047133,600.0
2024-11-11,43.52143478393555,43.52143478393555,43.52143478393555,43.52143478393555,500.0
2024-11-12,43.3277702331543,43.41329716760399,43.3277702331543,43.41329716760399,3700.0
2024-11-13,43.34447860717773,43.49194374455584,43.34447860717773,43.49194374455584,700.0
2024-11-14,43.06822967529297,43.18718584065001,43.06822967529297,43.18718584065001,600.0
2024-11-15,42.70546722412109,42.78903280053031,42.70546722412109,42.76445402802275,10100.0
2024-11-18,42.946327209472656,42.961072972904816,42.931577695846336,42.931577695846336,3700.0
2024-11-19,42.871612548828125,42.871612548828125,42.85293283152407,42.85293283152407,2200.0
2024-11-20,42.86571502685547,42.86571502685547,42.67597769477536,42.67597769477536,700.0
2024-11-21,43.400516510009766,43.4132971726704,43.400516510009766,43.4132971726704,2100.0
2024-11-22,43.7308349609375,43.7308349609375,43.59025142966316,43.59025142966316,4700.0
2024-11-25,43.984474182128906,44.04050958735719,43.96382936177141,44.04050958735719,8300.0
2024-11-26,44.065086364746094,44.065086364746094,44.03264343417043,44.03264343417043,2100.0
2024-11-27,44.04345703125,44.140785826926,44.04345703125,44.140785826926,95500.0
2024-11-29,44.1722412109375,44.1722412109375,44.1722412109375,44.1722412109375,100.0
2024-12-02,43.94416427612305,44.04247186670775,43.94416427612305,43.99823457600289,5300.0
2024-12-03,43.893043518066406,43.92843410219237,43.893043518066406,43.92843410219237,2200.0
2024-12-04,43.9697265625,43.9697265625,43.85568690477716,43.85568690477716,4600.0
2024-12-05,43.84585571289063,43.99332085830349,43.79768446542538,43.99332085830349,6400.0
2024-12-06,43.8782958984375,43.8782958984375,43.83602370945805,43.83602370945805,7200.0
2024-12-09,43.423126220703125,43.89501318512557,43.423126220703125,43.89501318512557,500.0
2024-12-10,43.198001861572266,43.60008270523057,43.198001861572266,43.60008270523057,3300.0
2024-12-11,43.27999877929688,43.29999923706055,43.27999877929688,43.29999923706055,1100.0
2024-12-12,43.10200119018555,43.22999954223633,43.10200119018555,43.22999954223633,27900.0
2024-12-13,42.83000183105469,42.91299819946289,42.83000183105469,42.880001068115234,1400.0
2024-12-16,42.78200149536133,42.970001220703125,42.78200149536133,42.970001220703125,1300.0
2024-12-17,42.55799865722656,42.65999984741211,42.5,42.619998931884766,4700.0
2024-12-18,41.40599822998047,42.632999420166016,41.40599822998047,42.59000015258789,1300.0
2024-12-19,41.23799896240234,41.44499969482422,41.23799896240234,41.44499969482422,18400.0
2024-12-20,41.7400016784668,41.79999923706055,41.7400016784668,41.79999923706055,2100.0
2024-12-23,41.900001525878906,41.900001525878906,41.48500061035156,41.54800033569336,2700.0
2024-12-24,42.20899963378906,42.20899963378906,42.11000061035156,42.11199951171875,1400.0
2024-12-26,42.321998596191406,42.321998596191406,42.18999862670898,42.18999862670898,1500.0
2024-12-27,41.999000549316406,41.999000549316406,41.999000549316406,41.999000549316406,100.0
2024-12-30,41.67699813842773,41.75,41.6349983215332,41.6349983215332,400.0
2024-12-31,41.65399932861328,41.65399932861328,41.65399932861328,41.65399932861328,0.0
2025-01-02,41.68899917602539,42.0,41.5,41.93000030517578,29700.0
2025-01-03,42.05400085449219,42.09000015258789,41.83100128173828,41.84000015258789,2300.0
2025-01-06,42.09299850463867,42.380001068115234,42.08200073242188,42.380001068115234,900.0
2025-01-07,42.02799987792969,42.150001525878906,41.900001525878906,42.150001525878906,4300.0
2025-01-08,42.03099822998047,42.03099822998047,41.7400016784668,41.7400016784668,700.0
2025-01-10,41.417999267578125,41.7859992980957,41.417999267578125,41.70500183105469,4800.0
2025-01-13,41.66600036621094,41.66600036621094,41.41999816894531,41.41999816894531,6600.0
2025-01-14,41.979000091552734,41.979000091552734,41.72999954223633,41.79999923706055,2100.0
2025-01-15,42.516998291015625,42.56999969482422,42.516998291015625,42.560001373291016,1000.0
2025-01-16,42.80099868774414,42.86000061035156,42.5099983215332,42.5099983215332,3700.0
2025-01-17,42.930999755859375,43.040000915527344,42.930999755859375,43.02000045776367,900.0
2025-01-21,43.430999755859375,43.4900016784668,43.25,43.25,1700.0
2025-01-22,43.27099990844727,43.43999862670898,43.27099990844727,43.40999984741211,1900.0
2025-01-23,43.48799896240234,43.48799896240234,43.310001373291016,43.310001373291016,4600.0
2025-01-24,43.49700164794922,43.64400100708008,43.49700164794922,43.52999877929688,16400.0
2025-01-27,43.39500045776367,43.45000076293945,43.33000183105469,43.43999862670898,7500.0
2025-01-28,43.36100006103516,43.45800018310547,43.36100006103516,43.45800018310547,3300.0
2025-01-29,43.31100082397461,43.470001220703125,43.31100082397461,43.470001220703125,200.0
2025-01-30,43.57099914550781,43.68999862670898,43.45000076293945,43.68999862670898,1400.0
2025-01-31,43.43199920654297,43.85300064086914,43.43199920654297,43.83000183105469,2500.0
2025-02-03,43.1510009765625,43.2599983215332,42.7400016784668,42.76499938964844,1500.0
2025-02-04,43.25699996948242,43.27999877929688,43.09999847412109,43.09999847412109,2000.0
2025-02-05,43.37099838256836,43.37099838256836,43.16999816894531,43.16999816894531,1900.0
2025-02-06,43.38999938964844,43.499000549316406,43.38999938964844,43.45000076293945,3200.0
2025-02-07,43.18999862670898,43.400001525878906,43.18999862670898,43.400001525878906,2100.0
2025-02-10,43.30099868774414,43.33000183105469,43.290000915527344,43.290000915527344,3100.0
2025-02-11,43.369998931884766,43.369998931884766,43.33000183105469,43.33000183105469,1000.0
2025-02-12,43.257999420166016,43.33100128173828,43.119998931884766,43.119998931884766,4400.0
2025-02-13,43.584999084472656,43.59099960327149,43.34999847412109,43.34999847412109,3400.0
2025-02-14,43.608001708984375,43.68999862670898,43.608001708984375,43.65999984741211,900.0
2025-02-18,43.805999755859375,43.83000183105469,43.61000061035156,43.68000030517578,1900.0
2025-02-19,44.01399993896485,44.01399993896485,43.84999847412109,43.84999847412109,3100.0
2025-02-20,43.86399841308594,43.90999984741211,43.709999084472656,43.81999969482422,900.0
2025-02-21,43.19100189208984,43.310001373291016,43.19100189208984,43.310001373291016,600.0
2025-02-24,43.18999862670898,43.34000015258789,43.18000030517578,43.22999954223633,2500.0
2025-02-25,43.2400016784668,43.290000915527344,43.09999847412109,43.09999847412109,600.0
2025-02-26,43.02999877929688,43.41999816894531,42.970001220703125,43.41999816894531,4000.0
2025-02-27,42.84999847412109,43.2599983215332,42.84999847412109,43.2599983215332,2400.0
2025-02-28,43.22200012207031,43.22200012207031,43.22200012207031,43.22200012207031,0.0
2025-03-03,42.766998291015625,42.766998291015625,42.61000061035156,42.68000030517578,2200.0
2025-03-04,42.025001525878906,42.27999877929688,41.91999816894531,41.91999816894531,1400.0
2025-03-05,42.39300155639648,42.39300155639648,41.84999847412109,41.84999847412109,1700.0
2025-03-06,41.88800048828125,42.040000915527344,41.88800048828125,42.02000045776367,400.0
2025-03-07,42.26100158691406,42.26100158691406,42.20000076293945,42.2599983215332,700.0
2025-03-10,41.525001525878906,41.56999969482422,41.52000045776367,41.56999969482422,600.0
2025-03-11,41.03300094604492,41.03300094604492,40.77999877929688,41.0,6400.0
2025-03-12,40.9370002746582,40.959999084472656,40.900001525878906,40.900001525878906,400.0
2025-03-13,40.4640007019043,40.5,40.4640007019043,40.5,2800.0
2025-03-14,41.28900146484375,41.28900146484375,41.130001068115234,41.130001068115234,2500.0
2025-03-17,41.78400039672852,41.78400039672852,41.78400039672852,41.78400039672852,100.0
2025-03-18,41.56600189208984,41.56600189208984,41.49100112915039,41.49100112915039,4600.0
2025-03-19,41.87799835205078,41.87799835205078,41.70000076293945,41.709999084472656,2300.0
2025-03-20,41.77399826049805,41.77999877929688,41.72999954223633,41.77999877929688,1600.0
2025-03-21,41.56900024414063,41.56900024414063,41.56900024414063,41.56900024414063,100.0
2025-03-24,42.22700119018555,42.22700119018555,42.22700119018555,42.22700119018555,100.0
2025-03-25,42.12699890136719,42.27000045776367,42.12699890136719,42.27000045776367,2600.0
2025-03-26,42.05799865722656,42.27999877929688,42.0099983215332,42.27999877929688,6300.0
2025-03-27,41.858001708984375,41.95000076293945,41.79100036621094,41.93000030517578,1800.0
2025-03-28,41.27000045776367,41.27000045776367,41.1609992980957,41.20000076293945,4100.0
2025-03-31,41.54100036621094,41.560001373291016,41.09000015258789,41.09000015258789,3100.0
2025-04-01,41.52000045776367,41.52000045776367,41.27000045776367,41.492000579833984,2500.0
2025-04-02,41.84000015258789,41.84000015258789,41.470001220703125,41.470001220703125,1700.0
2025-04-03,39.803001403808594,40.119998931884766,39.803001403808594,40.119998931884766,100.0
2025-04-04,37.29999923706055,38.09000015258789,37.29999923706055,38.09000015258789,5900.0
2025-04-07,37.10499954223633,38.310001373291016,36.91999816894531,37.130001068115234,2100.0
2025-04-08,36.5,37.150001525878906,36.43999862670898,37.02999877929688,2900.0
2025-04-09,39.31499862670898,39.31499862670898,36.06999969482422,36.11000061035156,19800.0
2025-04-10,37.91600036621094,38.15999984741211,37.88999938964844,38.15999984741211,16900.0
2025-04-11,38.46900177001953,38.52000045776367,38.46900177001953,38.48099899291992,2200.0
2025-04-14,38.85599899291992,38.97999954223633,38.85599899291992,38.86000061035156,1000.0
2025-04-15,38.80199813842773,39.04600143432617,38.80199813842773,38.959999084472656,1000.0
2025-04-16,38.32500076293945,38.79999923706055,38.32500076293945,38.630001068115234,1200.0
2025-04-17,38.60499954223633,38.880001068115234,38.40999984741211,38.40999984741211,1500.0
2025-04-21,37.81600189208984,38.310001373291016,37.52000045776367,38.310001373291016,3600.0
2025-04-22,38.73600006103516,38.73600006103516,38.33000183105469,38.369998931884766,4000.0
2025-04-23,39.14599990844727,39.630001068115234,39.0,39.630001068115234,2500.0
2025-04-24,39.78099822998047,39.78099822998047,39.310001373291016,39.33000183105469,2200.0
2025-04-25,39.72200012207031,39.72200012207031,39.459999084472656,39.459999084472656,2800.0
2025-04-28,39.882999420166016,39.882999420166016,39.61000061035156,39.81999969482422,2100.0
2025-04-29,40.0,40.130001068115234,39.7400016784668,39.7400016784668,4600.0
2025-04-30,40.19900131225586,40.19900131225586,39.43999862670898,39.7599983215332,2400.0
2025-05-01,40.20000076293945,40.459999084472656,40.20000076293945,40.27999877929688,900.0
2025-05-02,40.83100128173828,40.83100128173828,40.77999877929688,40.790000915527344,600.0
2025-05-05,40.70199966430664,40.70199966430664,40.70199966430664,40.70199966430664,300.0
2025-05-06,40.48199844360352,40.650001525878906,40.48199844360352,40.650001525878906,13800.0
2025-05-07,40.65800094604492,40.70000076293945,40.63999938964844,40.70000076293945,900.0
2025-05-08,40.95700073242188,41.1619987487793,40.880001068115234,40.880001068115234,1400.0
2025-05-09,40.79999923706055,40.79999923706055,40.78799819946289,40.78799819946289,500.0
2025-05-12,42.0009994506836,42.0009994506836,41.77999877929688,41.959999084472656,1000.0
2025-05-13,42.04499816894531,42.150001525878906,42.04499816894531,42.09000015258789,1200.0
2025-05-14,41.73699951171875,41.755001068115234,41.709999084472656,41.755001068115234,700.0
2025-05-15,42.117000579833984,42.117000579833984,42.04999923706055,42.09999847412109,4400.0
2025-05-16,42.45000076293945,42.45000076293945,42.16999816894531,42.209999084472656,5900.0
2025-05-19,42.43000030517578,42.45100021362305,42.310001373291016,42.310001373291016,1400.0
2025-05-20,42.34000015258789,42.459999084472656,42.34000015258789,42.34999847412109,1700.0
2025-05-21,41.57099914550781,42.1510009765625,41.57099914550781,42.130001068115234,1300.0
2025-05-22,41.53300094604492,41.68000030517578,41.400001525878906,41.43000030517578,4700.0
2025-05-23,41.34400177001953,41.43999862670898,41.34400177001953,41.43999862670898,100.0
2025-05-27,42.02000045776367,42.02000045776367,41.650001525878906,41.7400016784668,500.0
2025-05-28,41.77199935913086,41.90999984741211,41.77199935913086,41.90999984741211,2200.0
2025-05-29,41.9370002746582,41.9370002746582,41.90999984741211,41.90999984741211,300.0
2025-05-30,42.07699966430664,42.07699966430664,41.810001373291016,41.810001373291016,1000.0
2025-06-02,42.040000915527344,42.060001373291016,42.040000915527344,42.060001373291016,200.0
2025-06-03,42.402000427246094,42.402000427246094,42.02000045776367,42.04999923706055,3600.0
2025-06-04,42.32600021362305,42.459999084472656,42.32600021362305,42.41999816894531,7400.0
2025-06-05,42.24800109863281,42.38999938964844,42.24800109863281,42.38999938964844,4800.0
2025-06-06,42.74700164794922,42.74700164794922,42.59099960327149,42.68999862670898,2000.0
2025-06-09,42.75199890136719,42.88999938964844,42.650001525878906,42.650001525878906,2200.0
2025-06-10,42.928001403808594,42.970001220703125,42.90999984741211,42.90999984741211,500.0
2025-06-11,42.78300094604492,42.900001525878906,42.709999084472656,42.869998931884766,2100.0
2025-06-12,42.85200119018555,42.854000091552734,42.72999954223633,42.790000915527344,5000.0
2025-06-13,42.4370002746582,42.77000045776367,42.40999984741211,42.63999938964844,2000.0
2025-06-16,42.720001220703125,42.72999954223633,42.720001220703125,42.72999954223633,800.0
2025-06-17,42.40299987792969,42.66999816894531,42.40299987792969,42.66999816894531,8800.0
2025-06-18,42.38800048828125,42.53799819946289,42.38800048828125,42.52999877929688,500.0
2025-06-20,42.42699813842773,42.54999923706055,42.310001373291016,42.540000915527344,3700.0
2025-06-23,42.79999923706055,42.79999923706055,42.27999877929688,42.65999984741211,12400.0
2025-06-24,43.09000015258789,43.15999984741211,42.93000030517578,42.93000030517578,23700.0
2025-06-25,42.823001861572266,42.93000030517578,42.79999923706055,42.900001525878906,18100.0
2025-06-26,43.17599868774414,43.17599868774414,43.04999923706055,43.04999923706055,23400.0
2025-06-27,43.257999420166016,43.470001220703125,43.15999984741211,43.25,12100.0
2025-06-30,43.54600143432617,43.54600143432617,43.310001373291016,43.40999984741211,8600.0
2025-07-01,43.96799850463867,44.09099960327149,43.619998931884766,43.619998931884766,5200.0
2025-07-02,44.0099983215332,44.02000045776367,43.84000015258789,43.86000061035156,2600.0
2025-07-03,44.22499847412109,44.27999877929688,44.22499847412109,44.27999877929688,2900.0
2025-07-07,43.8849983215332,44.15999984741211,43.66999816894531,44.09999847412109,3200.0
2025-07-08,43.930999755859375,44.0099983215332,43.91999816894531,43.970001220703125,1500.0
2025-07-09,44.04100036621094,44.04100036621094,43.86000061035156,44.0,900.0
2025-07-10,44.1259994506836,44.2599983215332,43.97999954223633,43.97999954223633,1400.0
2025-07-11,43.8650016784668,43.8650016784668,43.790000915527344,43.790000915527344,800.0
2025-07-14,43.96599960327149,43.96599960327149,43.77999877929688,43.77999877929688,700.0
2025-07-15,43.38899993896485,43.59999847412109,43.38899993896485,43.59999847412109,300.0
2025-07-16,43.55899810791016,43.55899810791016,43.34999847412109,43.43000030517578,13600.0
2025-07-17,43.77999877929688,43.84000015258789,43.58000183105469,43.59999847412109,2700.0
2025-07-18,43.79899978637695,43.84000015258789,43.65499877929688,43.810001373291016,14800.0
2025-07-21,43.75899887084961,43.97999954223633,43.75899887084961,43.880001068115234,1400.0
2025-07-22,44.19200134277344,44.19200134277344,44.02999877929688,44.02999877929688,800.0
2025-07-23,44.547000885009766,44.547000885009766,44.5,44.52000045776367,900.0
2025-07-24,44.4370002746582,44.52999877929688,44.4370002746582,44.47999954223633,900.0
2025-07-25,44.52399826049805,44.52399826049805,44.52399826049805,44.52399826049805,100.0
2025-07-28,44.32799911499024,44.41999816894531,44.292999267578125,44.41999816894531,300.0
2025-07-29,44.28099822998047,44.40999984741211,44.255001068115234,44.40999984741211,500.0
2025-07-30,44.04999923706055,44.38999938964844,44.04999923706055,44.31999969482422,2100.0
2025-07-31,43.854000091552734,44.220001220703125,43.854000091552734,44.209999084472656,3600.0
2025-08-01,43.4370002746582,43.560001373291016,43.25199890136719,43.560001373291016,3300.0
2025-08-04,43.97100067138672,43.97100067138672,43.7599983215332,43.7599983215332,2300.0
2025-08-05,43.90999984741211,44.04999923706055,43.90999984741211,44.04999923706055,3400.0
2025-08-06,43.94300079345703,44.0099983215332,43.93000030517578,44.0099983215332,500.0
2025-08-07,43.88100051879883,43.88100051879883,43.88100051879883,43.88100051879883,100.0
2025-08-08,44.20199966430664,44.220001220703125,44.15999984741211,44.15999984741211,400.0
2025-08-11,44.055999755859375,44.21500015258789,44.055999755859375,44.21500015258789,600.0
2025-08-12,44.632999420166016,44.632999420166016,44.400001525878906,44.400001525878906,400.0
2025-08-13,45.14400100708008,45.14400100708008,44.81999969482422,44.81999969482422,600.0
2025-08-14,44.98899841308594,45.02000045776367,44.86000061035156,44.875,15500.0
2025-08-15,44.8129997253418,45.0099983215332,44.8129997253418,45.0099983215332,4800.0
2025-08-18,44.80199813842773,44.83000183105469,44.790000915527344,44.83000183105469,800.0
2025-08-19,44.91999816894531,45.040000915527344,44.91999816894531,45.040000915527344,400.0
2025-08-20,45.03200149536133,45.040000915527344,44.93000030517578,44.95000076293945,700.0
2025-08-21,44.93000030517578,44.93000030517578,44.84000015258789,44.84000015258789,400.0
2025-08-22,45.66699981689453,45.66699981689453,45.65999984741211,45.65999984741211,200.0
2025-08-25,45.42900085449219,45.43999862670898,45.42900085449219,45.43999862670898,600.0
2025-08-26,45.46900177001953,45.46900177001953,45.310001373291016,45.310001373291016,300.0
2025-08-27,45.630001068115234,45.630001068115234,45.540000915527344,45.540000915527344,200.0
2025-08-28,45.58000183105469,45.58000183105469,45.4900016784668,45.4900016784668,300.0
2025-08-29,45.5099983215332,45.52999877929688,45.4900016784668,45.4900016784668,1000.0
2025-09-02,45.32699966430664,45.32699966430664,45.119998931884766,45.119998931884766,1300.0
2025-09-03,45.233001708984375,45.233001708984375,45.040000915527344,45.20000076293945,500.0
2025-09-04,45.516998291015625,45.516998291015625,45.290000915527344,45.290000915527344,300.0
2025-09-05,45.41299819946289,45.41299819946289,45.290000915527344,45.290000915527344,200.0
2025-09-08,45.39099884033203,45.40999984741211,45.16999816894531,45.40999984741211,800.0
2025-09-09,45.45700073242188,45.45700073242188,45.40999984741211,45.40999984741211,500.0
2025-09-10,45.40800094604492,45.40800094604492,45.290000915527344,45.290000915527344,1100.0
2025-09-11,46.040000915527344,46.040000915527344,45.84000015258789,45.84000015258789,1600.0
2025-09-12,45.75600051879883,45.77999877929688,45.75600051879883,45.77999877929688,800.0
2025-09-15,45.6619987487793,45.77999877929688,45.63999938964844,45.77999877929688,1100.0
2025-09-16,45.59700012207031,45.619998931884766,45.52099990844727,45.52099990844727,1100.0
2025-09-17,45.81999969482422,46.119998931884766,45.61000061035156,45.61000061035156,3700.0
2025-09-18,45.90900039672852,46.0,45.7400016784668,45.77000045776367,2000.0
2025-09-19,45.84799957275391,45.90999984741211,45.7400016784668,45.7400016784668,1300.0
2025-09-22,45.85599899291992,45.869998931884766,45.619998931884766,45.619998931884766,1300.0
2025-09-23,45.89099884033203,46.09999847412109,45.7599983215332,45.7599983215332,2800.0
2025-09-24,45.834999084472656,45.834999084472656,45.81999969482422,45.81999969482422,1000.0
2025-09-25,45.59199905395508,45.70000076293945,45.54999923706055,45.70000076293945,3900.0
2025-09-26,46.02399826049805,46.02399826049805,45.70000076293945,45.70000076293945,700.0
2025-09-29,46.042999267578125,46.08000183105469,45.9900016784668,45.9900016784668,1900.0
2025-09-30,46.19499969482422,46.19499969482422,45.86000061035156,45.959999084472656,1800.0
2025-10-01,46.25,46.310001373291016,46.0099983215332,46.0099983215332,5200.0
2025-10-02,46.24700164794922,46.2760009765625,46.15999984741211,46.23199844360352,2500.0
2025-10-03,46.44200134277344,46.61000061035156,46.22999954223633,46.22999954223633,1800.0
2025-10-06,46.48400115966797,46.59000015258789,46.43999862670898,46.59000015258789,1400.0
2025-10-07,46.34799957275391,46.5,46.27999877929688,46.5,2400.0
2025-10-08,46.29499816894531,46.380001068115234,46.290000915527344,46.380001068115234,2700.0
2025-10-09,45.93000030517578,46.369998931884766,45.93000030517578,46.369998931884766,5800.0
2025-10-10,45.10100173950195,46.11000061035156,45.10100173950195,46.11000061035156,900.0
2025-10-13,45.400001525878906,45.52000045776367,45.09999847412109,45.09999847412109,18300.0
2025-10-14,45.95000076293945,46.11000061035156,45.18999862670898,45.18999862670898,5600.0
2025-10-15,45.9900016784668,46.06999969482422,45.75,46.06999969482422,4700.0
2025-10-16,45.58000183105469,46.04999923706055,45.5,46.04999923706055,5200.0
