Date,Open,High,Low,Close,Volume
2020-01-02,53.94221878051758,53.986266956322616,53.89817060471254,53.89817060471254,110500.0
2020-01-03,54.19770050048828,54.19770050048828,53.99507621224673,54.09198421111448,91700.0
2020-01-06,54.18008041381836,54.20650864592602,54.127220588942805,54.153652181710704,59700.0
2020-01-07,54.24174880981445,54.294608634963495,54.16246075242101,54.16246075242101,79800.0
2020-01-08,54.24174880981445,54.31222857667985,54.24174880981445,54.24174880981445,76400.0
2020-01-09,54.321044921875,54.321044921875,54.268185088887954,54.29461668571185,64100.0
2020-01-10,54.3298454284668,54.33865707969901,54.31222884732292,54.3298454284668,47200.0
2020-01-13,54.33865737915039,54.33865737915039,54.31222914662866,54.32103743724914,85300.0
2020-01-14,54.37389755249024,54.37389755249024,54.28579784251485,54.28579784251485,135800.0
2020-01-15,54.45317459106445,54.45317459106445,54.43555465263525,54.43555465263525,122500.0
2020-01-16,54.51486206054688,54.51486206054688,54.45319393446811,54.46200222648187,82100.0
2020-01-17,54.4355583190918,54.47960648780182,54.4355583190918,54.44436660856986,100100.0
2020-01-21,54.541282653808594,54.541282653808594,54.444374651933884,54.444374651933884,71000.0
2020-01-22,54.55010223388672,54.55010223388672,54.51486570281663,54.5324856486822,62700.0
2020-01-23,54.60295867919922,54.61177033191509,54.58533873442832,54.59415038714419,63200.0
2020-01-24,54.67341995239258,54.69984818027308,54.602940197165,54.602940197165,84900.0
2020-01-27,54.79677581787109,54.79677581787109,54.69986780000408,54.69986780000408,59000.0
2020-01-28,54.77032852172852,54.78794846180515,54.74390029194353,54.78794846180515,77400.0
2020-01-29,54.8408203125,54.8408203125,54.752723953451024,54.79677213297551,56600.0
2020-01-30,54.81438446044922,54.88486086576356,54.80557280937229,54.88486086576356,61300.0
2020-01-31,54.893680572509766,54.90248886421909,54.81439250448295,54.81439250448295,73200.0
2020-02-03,54.8857307434082,54.9827960779309,54.81513654880389,54.83278509745497,79700.0
2020-02-04,54.74455261230469,54.77984971405052,54.74455261230469,54.77984971405052,122300.0
2020-02-05,54.70925521850586,54.718077810836775,54.63866101539104,54.70925521850586,82700.0
2020-02-06,54.71807098388672,54.71807098388672,54.67395129550303,54.68277725284964,58900.0
2020-02-07,54.77102279663086,54.77984875497124,54.71807714493907,54.77984875497124,63400.0
2020-02-10,54.79747772216797,54.83277481284969,54.77100658721459,54.77100658721459,59400.0
2020-02-11,54.8592529296875,54.8592529296875,54.8151332437782,54.823959200629815,66200.0
2020-02-12,54.850433349609375,54.85925594082899,54.788665112722725,54.81513625249802,111200.0
2020-02-13,54.77983856201172,54.82395824715371,54.7710126053136,54.7710126053136,58100.0
2020-02-14,54.87690734863281,54.87690734863281,54.77984537569405,54.77984537569405,52200.0
2020-02-18,54.93866729736328,54.94749325382719,54.85042792942095,54.85042792942095,110300.0
2020-02-19,54.94749069213867,54.94749069213867,54.885722464235485,54.885722464235485,62900.0
2020-02-20,55.05337905883789,55.05337905883789,54.973962284286735,54.98278824041241,120900.0
2020-02-21,55.141639709472656,55.19458199896798,55.09751664673711,55.12399115760186,91500.0
2020-02-24,55.388710021972656,55.3975326144224,55.30046726689062,55.30046726689062,90800.0
2020-02-25,55.406349182128906,55.45046886913359,55.37105208607862,55.38870063410376,107300.0
2020-02-26,55.450462341308594,55.48575943320358,55.37104556760285,55.37104556760285,61400.0
2020-02-27,55.45929336547852,55.53871015126197,55.432822225589526,55.45047077422101,96100.0
2020-02-28,55.353397369384766,55.5298794638524,55.29162914123849,55.485759781764486,213700.0
2020-03-02,55.30036926269531,55.47713314470453,55.30036926269531,55.42410296865457,130700.0
2020-03-03,55.468292236328125,55.53016245983917,55.34455853228717,55.43294215766683,129200.0
2020-03-04,55.40642929077149,55.46829614715392,55.379915887033526,55.415269339678005,60900.0
2020-03-05,55.37108612060547,55.477143120285305,55.33573266354845,55.477143120285305,104400.0
2020-03-06,55.50366973876953,55.65392028128012,55.34458251563692,55.65392028128012,68100.0
2020-03-09,55.63623428344727,55.88370175755747,54.78777148236244,55.645070962597714,230600.0
2020-03-10,55.203155517578125,55.63622691137841,55.03523166403856,55.50365314124805,180800.0
2020-03-11,54.34585189819336,55.13244766496912,54.34585189819336,55.097094212835415,213400.0
2020-03-12,51.4381217956543,53.45322236895354,51.35857817452446,53.26762171014807,1544700.0
2020-03-13,52.039100646972656,52.92291687834078,51.51764893560581,52.85220996151548,514800.0
2020-03-16,52.19818115234375,52.66660261609215,50.73104653105561,51.694406234711074,725700.0
2020-03-17,50.925479888916016,51.82697266506019,50.39519160717976,51.30552106037358,999700.0
2020-03-18,50.63383483886719,51.19947671135059,49.590931372166594,50.36869063257703,1136200.0
2020-03-19,47.92051315307617,50.2272738642901,47.72607251949,48.9280630334935,1624000.0
2020-03-20,47.7260627746582,48.60987875196669,46.84224679734972,47.63768252552352,723500.0
2020-03-23,47.53162384033203,50.377512465506,46.85992515758111,47.275319760296455,1300200.0
2020-03-24,49.73233413696289,50.11237534332559,46.85993170884404,46.85993170884404,475200.0
2020-03-25,52.26887893676758,52.33074578851155,49.97979530776907,49.97979530776907,348000.0
2020-03-26,53.9216194152832,53.98348964478654,52.366104544341866,52.366104544341866,441500.0
2020-03-27,53.66532516479492,54.17793684985768,53.53275137527461,53.53275137527461,399800.0
2020-03-30,53.84207534790039,54.12489960248206,53.7536950862436,53.85975207452993,225300.0
2020-03-31,53.48855209350586,54.0188404179656,53.338301599631336,53.771372982749845,267900.0
2020-04-01,52.46335220336914,53.43719305955121,52.01184659547916,53.10963003511408,191600.0
2020-04-02,52.22433853149414,52.53419508816344,52.08268933741914,52.46336880253436,195400.0
2020-04-03,52.419090270996094,52.71124355657495,52.15349852413132,52.15349852413132,202700.0
2020-04-06,52.66698455810547,53.074225506082,52.63157142075551,52.63157142075551,310500.0
2020-04-07,53.30438995361328,53.42833252415905,53.12732769118428,53.14503425514536,142000.0
2020-04-08,53.53458404541016,53.61426191270886,53.19816600823975,53.19816600823975,153800.0
2020-04-09,53.773624420166016,54.01265467498581,53.46376450734041,53.46376450734041,183000.0
2020-04-13,53.90642166137695,54.048070853802784,53.73821430074101,53.773627443143255,156200.0
2020-04-14,54.11002349853516,54.11002349853516,53.89755147178267,53.95952276101731,100100.0
2020-04-15,54.18085479736328,54.26053265910046,54.012644101927954,54.26053265910046,117100.0
2020-04-16,54.23398208618164,54.384486245308366,54.00380342639032,54.00380342639032,208900.0
2020-04-17,54.00380325317383,54.16315900835783,53.93297697212184,53.96839011264784,108600.0
2020-04-20,53.897579193115234,54.092344754949146,53.74707500100605,53.74707500100605,124900.0
2020-04-21,53.68509292602539,53.87986182602809,53.454914261899226,53.75591920863838,160200.0
2020-04-22,53.570011138916016,53.87101613753762,53.322125861410086,53.82675139186637,187200.0
2020-04-23,53.11848831176758,53.7116431435347,53.11848831176758,53.7116431435347,138000.0
2020-04-24,53.31324768066406,53.37521896914107,53.003387861097046,53.06535914957406,135600.0
2020-04-27,53.33983612060547,53.481485342850846,53.05653767611472,53.15392214963039,452800.0
2020-04-28,53.11848831176758,53.39293505049743,52.95028098123269,53.14504647522505,285800.0
2020-04-29,53.074214935302734,53.18045094901095,52.97683051557772,53.11847965958266,302000.0
2020-04-30,52.93259048461914,53.27786022312739,52.85291259287234,52.94144208273165,547300.0
2020-05-01,53.49930953979492,53.6146107237934,53.22436160359855,53.22436160359855,129200.0
2020-05-04,53.765403747558594,53.818620476645386,53.543672451390265,53.6412347630405,160800.0
2020-05-05,53.85409164428711,53.89843722137325,53.80087492177335,53.8274815913549,169700.0
2020-05-06,53.85409164428711,54.11129734472698,53.818613829277936,53.96938946804094,158700.0
2020-05-07,54.09357070922852,54.11130623629675,53.9693983362924,54.03148283108485,102700.0
2020-05-08,54.17339706420898,54.2266104150136,53.98714018633864,54.1113091826846,77700.0
2020-05-11,54.24434280395508,54.26208171320746,54.08469600403468,54.24434280395508,79200.0
2020-05-12,54.36851501464844,54.37738616147704,54.19112929493964,54.28869160994704,113600.0
2020-05-13,54.31529235839844,54.421722418643,54.20885891480326,54.22659782206912,105700.0
2020-05-14,54.53703308105469,54.545900844550005,54.31530177680855,54.31530177680855,141600.0
2020-05-15,54.59024429321289,54.65232878530503,54.42172972658438,54.42172972658438,89300.0
2020-05-18,54.56363677978516,54.69667352506824,54.56363677978516,54.59911459853439,72700.0
2020-05-19,54.749881744384766,54.99821967033254,54.55475715493981,54.55475715493981,233200.0
2020-05-20,55.01597595214844,55.10467051324888,54.8031157722105,54.8031157722105,261900.0
2020-05-21,55.09578704833984,55.11352595659425,55.03370256112482,55.05144146937923,133700.0
2020-05-22,55.31752395629883,55.31752395629883,55.14013823905256,55.16674829581775,112000.0
2020-05-26,55.14013671875,55.335261340676105,55.1312689556402,55.211092357032605,126300.0
2020-05-27,55.21109771728516,55.264314451163735,55.15788098340658,55.21109771728516,64000.0
2020-05-28,55.06917953491211,55.24656523139085,55.033701718946205,55.17560959945905,109300.0
2020-05-29,55.32638549804688,55.33525325986169,55.25542987012619,55.32638549804688,88200.0
2020-06-01,55.254432678222656,55.33438295653777,55.254432678222656,55.2810816414181,126600.0
2020-06-02,55.17448425292969,55.28996874520311,55.16559900574693,55.25443453392991,325700.0
2020-06-03,55.15670776367188,55.27219223629832,55.15670776367188,55.21000907151369,96200.0
2020-06-04,55.04121780395508,55.210003567596985,55.04121780395508,55.210003567596985,115300.0
2020-06-05,54.863563537597656,55.05011644748774,54.85468167937852,55.01458223715355,224200.0
2020-06-08,55.05012512207031,55.05900698168902,54.93464061465101,55.05900698168902,204100.0
2020-06-09,55.13894271850586,55.14782796450854,54.91685901063731,55.07675955140095,328400.0
2020-06-10,55.13006591796875,55.17448198587078,55.09453170815562,55.11229881306218,110500.0
2020-06-11,55.13894271850586,55.25442719544148,55.13006086123164,55.17447692505966,124500.0
2020-06-12,55.112300872802734,55.22778197591819,54.98793452253754,55.17448404793533,209500.0
2020-06-15,55.19225692749024,55.25444010912818,55.032356349355744,55.032356349355744,120200.0
2020-06-16,55.1833610534668,55.1833610534668,55.085643675786415,55.14783023417914,119000.0
2020-06-17,55.08564758300781,55.165597862350936,55.05899861946971,55.15671600408118,90800.0
2020-06-18,55.1833610534668,55.20112815747492,55.12117788380266,55.13894498781078,101200.0
2020-06-19,55.19225692749024,55.20113878684027,55.15672271263163,55.15672271263163,89300.0
2020-06-22,55.21001052856445,55.281075552167366,55.15670921931596,55.20112528265883,594300.0
2020-06-23,55.21001052856445,55.22777424291887,55.07675894980742,55.22777424291887,134100.0
2020-06-24,55.08564758300781,55.21001731988621,55.08564758300781,55.18336496761928,161100.0
2020-06-25,55.201133728027344,55.21001897529234,55.09453448194986,55.09453448194986,129600.0
2020-06-26,55.21891403198242,55.25444825207777,55.18337981188707,55.25444825207777,105800.0
2020-06-29,55.22776412963867,55.27218357357589,55.201115174258575,55.27218357357589,149700.0
2020-06-30,55.21891403198242,55.26333011273674,55.07678054033076,55.22779589264139,171300.0
2020-07-01,55.15840530395508,55.2473691162994,55.15840530395508,55.21178562761281,74400.0
2020-07-02,55.2206916809082,55.24738015119177,55.21179665539788,55.21179665539788,118200.0
2020-07-06,55.21178817749024,55.29185696979875,55.14061440932619,55.29185696979875,170700.0
2020-07-07,55.2206916809082,55.309655511021816,55.20289823613496,55.23848512568144,132500.0
2020-07-08,55.25626754760742,55.30074945379071,55.18509378271264,55.30074945379071,114500.0
2020-07-09,55.29183578491211,55.3630061320554,55.238455479241566,55.238455479241566,168100.0
2020-07-10,55.40750503540039,55.44309191677391,55.327436249185865,55.40750503540039,110600.0
2020-07-13,55.4875602722168,55.49645868726319,55.4163899206005,55.4163899206005,58000.0
2020-07-14,55.558738708496094,55.57653214634024,55.43418803733834,55.43418803733834,81700.0
2020-07-15,55.53205871582031,55.59433745845242,55.49647522628308,55.49647522628308,70600.0
2020-07-16,55.656620025634766,55.656620025634766,55.56765280587327,55.612134718877805,56400.0
2020-07-17,55.58543014526367,55.67439733924903,55.57653512274086,55.61211860658356,78800.0
2020-07-20,55.66550064086914,55.72777598170505,55.62991376217675,55.67439905741801,82400.0
2020-07-21,55.75445556640625,55.76335398153828,55.66549177759198,55.70997367199912,165900.0
2020-07-22,55.72777557373047,55.86122467097421,55.65660521061826,55.86122467097421,141400.0
2020-07-23,55.7811393737793,55.7811393737793,55.69217220404409,55.7811393737793,210900.0
2020-07-24,55.83453750610352,55.83453750610352,55.72778025559044,55.78116057772288,135200.0
2020-07-27,55.81673431396485,55.84342277186987,55.763354004403794,55.84342277186987,81600.0
2020-07-28,55.8078498840332,55.86123020697113,55.77226300207458,55.86123020697113,103500.0
2020-07-29,55.879024505615234,55.879024505615234,55.80785074060558,55.879024505615234,81300.0
2020-07-30,55.96799850463867,55.9857919491296,55.8523428123239,55.8523428123239,79300.0
2020-07-31,56.01247024536133,56.02136866286682,55.88791955029968,55.959093315336,93100.0
2020-08-03,56.00089645385742,56.01871451865821,55.90289879667725,55.99198572223284,81200.0
2020-08-04,56.05435180664063,56.10780600538845,55.96526487384288,55.98308294009216,86700.0
2020-08-05,56.05435180664063,56.12562407163774,55.956357539942566,55.956357539942566,79400.0
2020-08-06,56.170166015625,56.17907674773245,56.06326101947548,56.10780448466707,59700.0
2020-08-07,56.214691162109375,56.277052672745526,56.13451159151325,56.22360189131308,68400.0
2020-08-10,56.25923538208008,56.28596077154735,56.23250659416552,56.26814271242007,126000.0
2020-08-11,56.24140930175781,56.29486007306917,56.17013707541361,56.18795513199966,118600.0
2020-08-12,56.223609924316406,56.25033531885105,56.14343034226455,56.23251725634531,70300.0
2020-08-13,56.1879768371582,56.20579490062729,56.15234071022002,56.15234071022002,55100.0
2020-08-14,56.08998107910156,56.12561720724168,56.07216301503151,56.08107374629065,137300.0
2020-08-17,56.0810546875,56.107780075298514,56.0454185714706,56.063236629485296,71900.0
2020-08-18,56.01870727539063,56.054340001936495,55.9919784824213,55.9919784824213,65200.0
2020-08-19,55.956356048583984,56.04544297900737,55.956356048583984,56.03653564534445,76600.0
2020-08-20,55.84053039550781,55.98307149791994,55.80489427029279,55.94743537270492,67900.0
2020-08-21,55.88507080078125,55.90288886241567,55.795983891056906,55.90288886241567,56100.0
2020-08-24,55.91179275512695,55.9385215451585,55.822705850881945,55.885067363542966,91700.0
2020-08-25,55.78707504272461,55.85834729166633,55.76034964859541,55.83161849908924,50700.0
2020-08-26,55.795989990234375,55.84053344996569,55.72471773590577,55.84053344996569,104300.0
2020-08-27,55.644527435302734,55.76034312706369,55.644527435302734,55.7336177360602,101500.0
2020-08-28,55.644527435302734,55.68907088645772,55.63562010445073,55.67125622475371,81500.0
2020-08-31,55.75145721435547,55.787089949900064,55.60000534410798,55.60000534410798,94800.0
2020-09-01,55.705936431884766,55.73270329015811,55.64348610139322,55.72377986963774,93700.0
2020-09-02,55.68809509277344,55.71486195205551,55.62564475992841,55.62564475992841,66500.0
2020-09-03,55.661319732666016,55.67916316727531,55.60779283212528,55.63455628239565,116700.0
2020-09-04,55.661319732666016,55.67024315161425,55.57210596290668,55.62563286344741,70200.0
2020-09-08,55.625633239746094,55.67024352821471,55.625633239746094,55.67024352821471,49900.0
2020-09-09,55.679176330566406,55.705939787164006,55.58103911865791,55.58103911865791,49900.0
2020-09-10,55.68809509277344,55.70593853119885,55.62564475992841,55.64348819835384,70900.0
2020-09-11,55.705936431884766,55.714859852405134,55.64348610139322,55.69701641465216,127600.0
2020-09-14,55.679176330566406,55.705939787164006,55.65241287396881,55.66133289173869,52000.0
2020-09-15,55.679176330566406,55.73270664704958,55.66133289173869,55.66133289173869,80900.0
2020-09-16,55.67024993896485,55.71485682928301,55.64348308214388,55.67024993896485,53600.0
2020-09-17,55.71485137939453,55.74161483030998,55.6702444934397,55.705927960231215,97400.0
2020-09-18,55.74161911010742,55.750542529955865,55.670248767757386,55.670248767757386,64200.0
2020-09-21,55.67024993896485,55.78622717313456,55.67024993896485,55.78622717313456,65100.0
2020-09-22,55.705936431884766,55.7594667451437,55.69701641465216,55.69701641465216,70300.0
2020-09-23,55.705936431884766,55.7683867623763,55.705936431884766,55.7594667451437,55600.0
2020-09-24,55.69701766967773,55.75946800157647,55.69701766967773,55.70593768711134,50900.0
2020-09-25,55.67024993896485,55.750543702852575,55.63456306539528,55.750543702852575,78700.0
2020-09-28,55.68809509277344,55.72378196962428,55.67025505763591,55.67917507520468,43900.0
2020-09-29,55.732704162597656,55.7594676180022,55.688093865873,55.7594676180022,64800.0
2020-09-30,55.661319732666016,55.73269347110321,55.64347629805672,55.67024315161425,97100.0
2020-10-01,55.64524459838867,55.69885396188352,55.618441620798016,55.69885396188352,66000.0
2020-10-02,55.609519958496094,55.70779869947216,55.55591058388841,55.68099571632544,97200.0
2020-10-05,55.50230407714844,55.65419560889484,55.50230407714844,55.65419560889484,130000.0
2020-10-06,55.56483459472656,55.57377119317507,55.38614352552055,55.56483459472656,113200.0
2020-10-07,55.37720489501953,55.52909638824743,55.35040191728489,55.52909638824743,106400.0
2020-10-08,55.350399017333984,55.43974454397744,55.33252923034262,55.43974454397744,78800.0
2020-10-09,55.278934478759766,55.44869579588641,55.20745872021771,55.42188940415815,190300.0
2020-10-12,55.25213241577149,55.359347759527765,55.21639283174795,55.27000220778326,168400.0
2020-10-13,55.350399017333984,55.38613859131672,55.29678965635989,55.32359263269026,91300.0
2020-10-14,55.3682861328125,55.42189210225016,55.3236099471952,55.3236099471952,102600.0
2020-10-15,55.350399017333984,55.43081135463844,55.31465944335126,55.33252923034262,82200.0
2020-10-16,55.41296005249024,55.45763283071406,55.386157067218846,55.39509025953781,47400.0
2020-10-19,55.386138916015625,55.41294189250312,55.341462744118616,55.386138916015625,79600.0
2020-10-20,55.31466674804688,55.39507909597035,55.31466674804688,55.39507909597035,78500.0
2020-10-21,55.269996643066406,55.32360260539021,55.26106004380312,55.287866433279,60100.0
2020-10-22,55.29679870605469,55.34147147668741,55.19851656567433,55.34147147668741,93100.0
2020-10-23,55.350399017333984,55.350399017333984,55.287856467020895,55.350399017333984,56800.0
2020-10-26,55.30572509765625,55.36826764666168,55.30572509765625,55.31465828680847,76800.0
2020-10-27,55.3325309753418,55.36827055045163,55.29679140023197,55.35933395251743,47400.0
2020-10-28,55.3682861328125,55.38615592539653,55.27893716989234,55.3146767550604,111300.0
2020-10-29,55.31466674804688,55.43081867467275,55.31466674804688,55.35933951726796,72700.0
2020-10-30,55.3236083984375,55.3950875667726,55.28787222258429,55.28787222258429,81500.0
2020-11-02,55.37370300292969,55.39159764534445,55.32002248873943,55.3826520306641,71900.0
2020-11-03,55.38265228271485,55.39159789743592,55.31107371272999,55.39159789743592,79600.0
2020-11-04,55.73160934448242,55.74950399342146,55.677925397665305,55.69582004660435,85000.0
2020-11-05,55.785274505615234,55.83895843763878,55.70475031410709,55.70475031410709,93200.0
2020-11-06,55.785274505615234,55.85685308164663,55.77632889013849,55.85685308164663,73300.0
2020-11-09,55.74949645996094,55.76739110648187,55.713707166919086,55.75844207669398,95200.0
2020-11-10,55.785274505615234,55.812118178154186,55.74053960212279,55.77632889013849,60400.0
2020-11-11,55.812110900878906,55.83895115686383,55.776321617529725,55.776321617529725,48400.0
2020-11-12,55.83001327514648,55.85685353484885,55.79422398684041,55.812118630993446,71900.0
2020-11-13,55.89263916015625,55.928425033062666,55.84790084617844,55.84790084617844,65900.0
2020-11-16,55.86579895019531,55.928428497979326,55.83001307507187,55.83001307507187,87400.0
2020-11-17,55.973182678222656,56.0000229454357,55.90160408158074,55.90160408158074,53300.0
2020-11-18,56.00896072387695,56.071590280644656,55.964225813765005,56.071590280644656,83000.0
2020-11-19,56.13420867919922,56.15209990815592,56.05368449667816,56.05368449667816,46500.0
2020-11-20,56.23263168334961,56.27737000094397,56.18789677880968,56.18789677880968,132800.0
2020-11-23,56.24156951904297,56.25051513294884,56.19683462340606,56.19683462340606,89700.0
2020-11-24,56.19683456420898,56.24156945979877,56.18788553725877,56.24156945979877,138800.0
2020-11-25,56.2057991027832,56.23263936656353,56.19685348587473,56.223693749655055,45000.0
2020-11-27,56.25946807861328,56.29525394978318,56.23262440891836,56.26841369314226,63100.0
2020-11-30,56.25053024291992,56.2773739179558,56.25053024291992,56.25947927228344,71800.0
2020-12-01,56.20215606689453,56.24695225603862,56.18423690769086,56.22903309683496,170100.0
2020-12-02,56.20215606689453,56.21111735536144,56.1663177484872,56.17527903695411,114700.0
2020-12-03,56.27382659912109,56.27382659912109,56.22902699710672,56.2648653116263,101500.0
2020-12-04,56.2290267944336,56.255907239091286,56.19319189777295,56.255907239091286,117800.0
2020-12-07,56.27382659912109,56.29174575638088,56.23798828460151,56.29174575638088,101200.0
2020-12-08,56.30965423583984,56.30965423583984,56.246938902381416,56.27381934367028,158600.0
2020-12-09,56.30965423583984,56.31861552217924,56.28277721228033,56.30965423583984,110400.0
2020-12-10,56.3365364074707,56.3454942763559,56.29174022758585,56.3454942763559,58600.0
2020-12-11,56.3365364074707,56.3365364074707,56.282778940971205,56.3365364074707,211500.0
2020-12-14,56.345481872558594,56.363401024113735,56.29172783562187,56.29172783562187,63000.0
2020-12-15,56.28277969360352,56.36341418556631,56.28277969360352,56.29174098033799,72900.0
2020-12-16,56.37236785888672,56.37236785888672,56.30069465899289,56.35445212221019,93700.0
2020-12-17,56.29791641235352,56.37866256482352,56.1812823204608,56.37866256482352,131400.0
2020-12-18,56.378662109375,56.38763238292708,56.29791595755731,56.30688623110938,88300.0
2020-12-21,56.36968231201172,56.37865258404824,56.33379437894227,56.37865258404824,61600.0
2020-12-22,56.378662109375,56.378662109375,56.30688623110938,56.30688623110938,53000.0
2020-12-23,56.34275817871094,56.37864610765782,56.34275817871094,56.34275817871094,69900.0
2020-12-24,56.41453552246094,56.42350579370328,56.33378939143437,56.33378939143437,61300.0
2020-12-28,56.40556716918945,56.40556716918945,56.35173869171622,56.40556716918945,93400.0
2020-12-29,56.42350387573242,56.432477569131095,56.36967540518538,56.40555991139632,104800.0
2020-12-30,56.36071395874024,56.4235161363326,56.34276999050498,56.34276999050498,84400.0
2020-12-31,56.36968231201172,56.43248448365241,56.351738345477,56.39659655058296,51300.0
2021-01-04,56.378662109375,56.40557635249348,56.3607181398086,56.3607181398086,129600.0
2021-01-05,56.39659881591797,56.49528892459229,56.36071088140698,56.38762512105932,87200.0
2021-01-06,56.39659881591797,56.47734495733679,56.39659881591797,56.39659881591797,165800.0
2021-01-07,56.39659881591797,56.423513055570304,56.369684576265634,56.41454278317347,137600.0
2021-01-08,56.29791641235352,56.387632838448056,56.2620284729308,56.387632838448056,108300.0
2021-01-11,56.26202774047852,56.30688595294179,56.235113497493,56.29791567943403,127000.0
2021-01-12,56.235111236572266,56.27996944723203,56.235111236572266,56.235111236572266,129900.0
2021-01-13,56.3248291015625,56.3248291015625,56.24408295132047,56.25305664715969,68300.0
2021-01-14,56.29791641235352,56.306886685978064,56.25305819930625,56.29791641235352,94400.0
2021-01-15,56.30687713623047,56.33379479746336,56.19921675868396,56.25304865868806,97600.0
2021-01-19,56.36071395874024,56.36968765408885,56.30688205403449,56.30688205403449,103100.0
2021-01-20,56.378662109375,56.378662109375,56.31585992712371,56.31585992712371,84200.0
2021-01-21,56.38762664794922,56.40557061569061,56.35174213492834,56.38762664794922,79300.0
2021-01-22,56.44145584106445,56.44145584106445,56.36968339600704,56.41454160197564,120300.0
2021-01-25,56.45939254760742,56.468362818662925,56.432478311979615,56.432478311979615,93600.0
2021-01-26,56.558101654052734,56.558101654052734,56.450437830426736,56.468381801031065,81100.0
2021-01-27,56.62091064453125,56.62091064453125,56.558108451099855,56.57605242386066,97900.0
2021-01-28,56.62091064453125,56.63885461729205,56.57605242386066,56.57605242386066,45800.0
2021-01-29,56.59398651123047,56.63884472406557,56.54015460235098,56.54015460235098,85800.0
2021-02-01,56.6514778137207,56.6514778137207,56.588591894406704,56.64249215266123,120800.0
2021-02-02,56.63351821899414,56.65148611672093,56.5886001881902,56.5886001881902,77700.0
2021-02-03,56.63351821899414,56.6425004543445,56.57961452581376,56.5886001881902,73200.0
2021-02-04,56.59757995605469,56.63351574994158,56.57961205911124,56.59757995605469,100600.0
2021-02-05,56.6514778137207,56.6604600477546,56.60655636247449,56.6604600477546,103300.0
2021-02-08,56.66046142578125,56.66046142578125,56.60655773919017,56.66046142578125,66100.0
2021-02-09,56.6694450378418,56.69639516664997,56.64249148200809,56.64249148200809,77700.0
2021-02-10,56.73233413696289,56.75928426728195,56.68741268373015,56.69639834518699,92500.0
2021-02-11,56.73233413696289,56.7772521631699,56.72334847550605,56.72334847550605,137200.0
2021-02-12,56.759273529052734,56.759273529052734,56.72333774407549,56.741305636564114,169900.0
2021-02-16,56.64249038696289,56.71436196509593,56.60655459789637,56.71436196509593,154700.0
2021-02-17,56.53467559814453,56.58857927140054,56.51670770705919,56.51670770705919,89300.0
2021-02-18,56.31907272338867,56.453830213094434,56.3100904900201,56.453830213094434,110800.0
2021-02-19,56.20230102539063,56.355023021156256,56.18433312700181,56.31908722437863,180100.0
2021-02-22,55.95972442626953,56.23821820852598,55.95972442626953,56.23821820852598,160700.0
2021-02-23,55.83395385742188,55.86988621828026,55.771067942138,55.86988621828026,250000.0
2021-02-24,55.70817565917969,55.73512921218239,55.61833962123783,55.73512921218239,206700.0
2021-02-25,55.52849578857422,55.5823960329631,55.47459211716063,55.5823960329631,183300.0
2021-02-26,55.600372314453125,55.60935797455716,55.42069680964988,55.44765036293675,91700.0
2021-03-01,55.52840423583984,55.58238298860824,55.51041017424494,55.51940548903424,121200.0
2021-03-02,55.6363639831543,55.6363639831543,55.528403047910814,55.528403047910814,118000.0
2021-03-03,55.537391662597656,55.6183632122661,55.51939760355847,55.52839634908598,58600.0
2021-03-04,55.62736129760742,55.69933410089418,55.57337912113051,55.57337912113051,74900.0
2021-03-05,55.64534378051758,55.69033063700558,55.59136504395644,55.627353156340725,81300.0
2021-03-08,55.67235565185547,55.7353331540938,55.67235565185547,55.69034971421163,79100.0
2021-03-09,55.83428192138672,55.84327723384035,55.7173222673969,55.7173222673969,81400.0
2021-03-10,55.933250427246094,55.942249172735295,55.79830013305054,55.79830013305054,113400.0
2021-03-11,55.960235595703125,56.01421433320941,55.93324279493463,55.93324279493463,148000.0
2021-03-12,55.83428192138672,55.89725940460844,55.79829380754132,55.87026660321668,104000.0
2021-03-15,55.978248596191406,55.9872439114815,55.9152710931112,55.9602545335947,63700.0
2021-03-16,56.02322769165039,56.03222300624283,55.94225613225343,55.98723956924813,104900.0
2021-03-17,55.924259185791016,55.96024730633656,55.85228637671598,55.88827106524546,124400.0
2021-03-18,55.68133544921875,55.74431293390591,55.63635202187299,55.7083248192231,80900.0
2021-03-19,55.67235565185547,55.72633440690748,55.63636752714314,55.72633440690748,54000.0
2021-03-22,55.70832824707031,55.735321050751104,55.67234356218881,55.67234356218881,68800.0
2021-03-23,55.84328842163086,55.84328842163086,55.75332155100861,55.77131561153628,105300.0
2021-03-24,55.8253059387207,55.86129406723963,55.78032249408046,55.86129406723963,108200.0
2021-03-25,55.84328842163086,55.91526466374155,55.84328842163086,55.89727060321388,125300.0
2021-03-26,55.83428192138672,55.88826066013937,55.79829380754132,55.79829380754132,67400.0
2021-03-29,55.85228729248047,55.88827198159996,55.8432885461885,55.85228729248047,54300.0
2021-03-30,55.87926483154297,55.88826014391351,55.807288604517005,55.85227546241593,75100.0
2021-03-31,55.888275146484375,55.897273893285934,55.83429639374032,55.83429639374032,64500.0
2021-04-01,55.89998245239258,55.9180005869901,55.84593148520781,55.9180005869901,148900.0
2021-04-05,55.908992767333984,55.96304373406373,55.89097463288815,55.89097463288815,112000.0
2021-04-06,55.9720458984375,55.98105324596917,55.92700228756468,55.963035114298606,99300.0
2021-04-07,56.01709365844727,56.01709365844727,55.95403191123295,55.97205004423811,113100.0
2021-04-08,56.08014678955078,56.13420118026138,56.01708505202522,56.01708505202522,100100.0
2021-04-09,56.13421630859375,56.13421630859375,56.080161903315336,56.12520552274341,67700.0
2021-04-12,56.161231994628906,56.17023934229988,56.1342065150087,56.1342065150087,170700.0
2021-04-13,56.25133514404297,56.25133514404297,56.14322975834731,56.20629151972047,66600.0
2021-04-14,56.26033782958984,56.30538144742624,56.21529421175346,56.21529421175346,54100.0
2021-04-15,56.4224967956543,56.48555854704436,56.3774531784625,56.39546787605306,77800.0
2021-04-16,56.40447998046875,56.422498115088366,56.35042557660992,56.35943636222362,76500.0
2021-04-19,56.39546585083008,56.40447663590948,56.33240410170464,56.386458502358266,69900.0
2021-04-20,56.3774528503418,56.42249646727144,56.36844206499126,56.40447833317804,61400.0
2021-04-21,56.40447998046875,56.43150546409428,56.35943636222362,56.41348732947466,106100.0
2021-04-22,56.476558685302734,56.476558685302734,56.413496921715314,56.45854054761942,94200.0
2021-04-23,56.476558685302734,56.494576822986055,56.45854054761942,56.45854054761942,95200.0
2021-04-26,56.49457550048828,56.50358628742319,56.45853922596523,56.47655736322676,123100.0
2021-04-27,56.48554611206055,56.54860784956791,56.46752798182888,56.49455345887291,1213200.0
2021-04-28,56.4315185546875,56.50359110988484,56.40449306479279,56.46755483228617,95600.0
2021-04-29,56.35942840576172,56.43149749745813,56.35942840576172,56.43149749745813,87600.0
2021-04-30,56.368438720703125,56.40447498675192,56.33240245465434,56.40447498675192,91500.0
2021-05-03,56.31429672241211,56.40451714424223,56.31429672241211,56.395493381280616,107600.0
2021-05-04,56.359413146972656,56.39549787702411,56.30528088955926,56.30528088955926,100400.0
2021-05-05,56.38648986816406,56.42257804765366,56.28724909534677,56.38648986816406,244100.0
2021-05-06,56.368431091308594,56.41353958313821,56.33234292122197,56.368431091308594,87600.0
2021-05-07,56.41355895996094,56.45867090884284,56.39551486871988,56.44964714244306,108400.0
2021-05-10,56.38648986816406,56.45866622714325,56.37746954407077,56.45866622714325,179200.0
2021-05-11,56.377471923828125,56.377471923828125,56.30529556180228,56.377471923828125,85800.0
2021-05-12,56.26919937133789,56.34137572309003,56.26017904814781,56.34137572309003,86000.0
2021-05-13,56.27821350097656,56.28723382262232,56.24212533127896,56.24212533127896,69300.0
2021-05-14,56.28724670410156,56.33235520576811,56.2511585261451,56.28724670410156,93600.0
2021-05-17,56.350399017333984,56.350399017333984,56.27822610333443,56.27822610333443,134600.0
2021-05-18,56.350399017333984,56.350399017333984,56.29627019222384,56.323334604778914,104300.0
2021-05-19,56.26919937133789,56.35039604628011,56.233114637019696,56.233114637019696,68900.0
2021-05-20,56.3052864074707,56.35941867018905,56.27822199689043,56.27822199689043,49600.0
2021-05-21,56.377471923828125,56.386492248302176,56.33235997678279,56.3413837428152,59200.0
2021-05-24,56.2962646484375,56.37746131966493,56.2962646484375,56.34137314543992,122100.0
2021-05-25,56.38648986816406,56.39551019225735,56.34138136458117,56.39551019225735,70600.0
2021-05-26,56.44963836669922,56.44963836669922,56.35942136607768,56.40452986638845,47700.0
2021-05-27,56.41355895996094,56.44062681760178,56.39551486871988,56.44062681760178,61200.0
2021-05-28,56.431602478027344,56.45867033539326,56.41355838696956,56.44964656908513,120800.0
2021-06-01,56.4415283203125,56.45959580449237,56.40539335195277,56.40539335195277,75400.0
2021-06-02,56.45057678222656,56.50477580122435,56.42347382670663,56.42347382670663,159600.0
2021-06-03,56.48671722412109,56.51382018391674,56.441550219157136,56.51382018391674,90200.0
2021-06-04,56.5318717956543,56.55897130181627,56.46863387124199,56.46863387124199,63100.0
2021-06-07,56.54091262817383,56.54994464962868,56.48671016138125,56.48671016138125,53600.0
2021-06-08,56.5950927734375,56.63122429102752,56.54992234591533,56.54992234591533,65100.0
2021-06-09,56.73062133789063,56.739656806202,56.63125186259438,56.63125186259438,77400.0
2021-06-10,56.74867630004883,56.76674378666132,56.69447384021133,56.69447384021133,94100.0
2021-06-11,56.766727447509766,56.784794928921904,56.74865996609762,56.784794928921904,105600.0
2021-06-14,56.74867630004883,56.76674378666132,56.730608813436326,56.76674378666132,46000.0
2021-06-15,56.73062133789063,56.7486888284919,56.69448635668809,56.71255384728936,41800.0
2021-06-16,56.5950927734375,56.7125262361397,56.5950927734375,56.658327236744775,169800.0
2021-06-17,56.62221908569336,56.63125110786289,56.57705208280287,56.57705208280287,143500.0
2021-06-18,56.6041374206543,56.65833987816249,56.57703791491048,56.65833987816249,65400.0
2021-06-21,56.5770378112793,56.631236822667645,56.56800234536753,56.631236822667645,71500.0
2021-06-22,56.567996978759766,56.567996978759766,56.51379797251328,56.549929494670856,56000.0
2021-06-23,56.46862411499024,56.54089404696337,56.459592096503606,56.48669159798352,65000.0
2021-06-24,56.50476837158203,56.51380383757431,56.4596013796824,56.50476837158203,72400.0
2021-06-25,56.46862411499024,56.51379454548346,56.459592096503606,56.51379454548346,58800.0
2021-06-28,56.54091262817383,56.54091262817383,56.4776781399264,56.48671016138125,85900.0
2021-06-29,56.549922943115234,56.549922943115234,56.50475596113588,56.54089092512729,54700.0
2021-06-30,56.567996978759766,56.57703244381433,56.53186545660218,56.53186545660218,149000.0
2021-07-01,56.55987548828125,56.57796637941999,56.532740876815474,56.57796637941999,112100.0
2021-07-02,56.623165130615234,56.623165130615234,56.55984876678557,56.60507769850651,60100.0
2021-07-06,56.65031814575195,56.67745275156656,56.61413637100983,56.6593618641955,128400.0
2021-07-07,56.75886535644531,56.75886535644531,56.66841436156899,56.66841436156899,72800.0
2021-07-08,56.86740112304688,56.89453917897789,56.83122279927869,56.83122279927869,85100.0
2021-07-09,56.80410003662109,56.813147207861824,56.758874531871946,56.758874531871946,102400.0
2021-07-12,56.83120727539063,56.84025099124133,56.7859783446882,56.79502551102187,71500.0
2021-07-13,56.77694320678711,56.86739418089152,56.77694320678711,56.81312497662227,75600.0
2021-07-14,56.81312942504883,56.831220311382914,56.77694765238067,56.77694765238067,61700.0
2021-07-15,56.84025573730469,56.86739033760547,56.81312113700391,56.82216485360976,44800.0
2021-07-16,56.86740112304688,56.88549201017292,56.81313191215265,56.81313191215265,60400.0
2021-07-19,56.93072128295898,56.99403766686241,56.90358667571012,56.99403766686241,139900.0
2021-07-20,56.966888427734375,56.98497931141504,56.93975382745501,56.95784471113567,98100.0
2021-07-21,56.88547897338867,56.96688622155734,56.88547897338867,56.95784250530887,90700.0
2021-07-22,56.939754486083984,56.9487982027873,56.89452900160083,56.92166360219407,80800.0
2021-07-23,56.85834884643555,56.89453061524158,56.85834884643555,56.85834884643555,52300.0
2021-07-26,56.903594970703125,56.939776752632014,56.87646035949879,56.92168586166757,99700.0
2021-07-27,56.93072128295898,56.939768452364696,56.89454295678855,56.93072128295898,49700.0
2021-07-28,56.94880676269531,56.94880676269531,56.867399498196086,56.90358127141437,100000.0
2021-07-29,56.92167663574219,56.92167663574219,56.88549485967768,56.92167663574219,48000.0
2021-07-30,56.903594970703125,56.939776752632014,56.8493222978098,56.903594970703125,71900.0
2021-08-02,56.8990478515625,56.96243979600503,56.81754342947899,56.81754342947899,80400.0
2021-08-03,56.980560302734375,56.980560302734375,56.90811383217165,56.96245127604562,171000.0
2021-08-04,56.908111572265625,56.962449013981775,56.87188661112152,56.92622405283768,66500.0
2021-08-05,56.9443359375,56.97150293077256,56.89905646384493,56.89905646384493,144000.0
2021-08-06,56.87189483642578,56.93528680029504,56.85378235323415,56.93528680029504,50500.0
2021-08-09,56.86282730102539,56.9081067713344,56.83565685515828,56.9081067713344,49500.0
2021-08-10,56.82661437988281,56.89906431140519,56.82661437988281,56.89906431140519,63100.0
2021-08-11,56.80848693847656,56.85376640645385,56.79943242672189,56.85376640645385,61800.0
2021-08-12,56.763214111328125,56.808493584602736,56.7451016310978,56.763214111328125,91600.0
2021-08-13,56.772274017333984,56.772274017333984,56.72699453975796,56.72699453975796,70000.0
2021-08-16,56.772274017333984,56.772274017333984,56.72699453975796,56.72699453975796,71000.0
2021-08-17,56.763214111328125,56.78132659155844,56.71793463805351,56.72698915086748,55200.0
2021-08-18,56.7541389465332,56.79942186068877,56.72697196172093,56.72697196172093,69400.0
2021-08-19,56.763214111328125,56.790381104372415,56.72698915086748,56.790381104372415,76100.0
2021-08-20,56.772274017333984,56.790386499284935,56.73605250803478,56.73605250803478,52400.0
2021-08-23,56.772274017333984,56.772274017333984,56.73605250803478,56.74510702170891,74700.0
2021-08-24,56.763214111328125,56.790381104372415,56.73604711828383,56.790381104372415,54400.0
2021-08-25,56.73603439331055,56.754143414876935,56.72697642792576,56.72697642792576,113600.0
2021-08-26,56.71793365478516,56.71793365478516,56.6635962150362,56.67265418229552,68800.0
2021-08-27,56.726993560791016,56.726993560791016,56.6817140839964,56.69076859751427,58800.0
2021-08-30,56.71793365478516,56.72698816744216,56.67265418229552,56.67265418229552,55600.0
2021-08-31,56.7088737487793,56.73604419502604,56.69981923643185,56.69981923643185,76000.0
2021-09-01,56.688018798828125,56.72428835472674,56.66081836133178,56.697084458375166,87900.0
2021-09-02,56.688018798828125,56.70615357677743,56.66988402087882,56.688018798828125,60400.0
2021-09-03,56.6426887512207,56.66988919119871,56.61548485238716,56.61548485238716,63500.0
2021-09-07,56.506683349609375,56.57015335296899,56.506683349609375,56.53388379137613,128100.0
2021-09-08,56.66987991333008,56.67894557222002,56.49760472358135,56.49760472358135,120000.0
2021-09-09,56.67894744873047,56.69708222596574,56.64268135311503,56.68801656677565,80400.0
2021-09-10,56.688018798828125,56.697084458375166,56.6336144649802,56.6336144649802,54800.0
2021-09-13,56.69709396362305,56.70616308354575,56.66989352156655,56.66989352156655,73000.0
2021-09-14,56.73335266113281,56.73335266113281,56.688017446768434,56.70615222428521,85700.0
2021-09-15,56.72428512573242,56.72428512573242,56.67894645401241,56.67894645401241,69000.0
2021-09-16,56.688018798828125,56.697084458375166,56.66988402087882,56.688018798828125,37600.0
2021-09-17,56.71522903442383,56.71522903442383,56.66989381114608,56.688028592228335,51200.0
2021-09-20,56.76055908203125,56.77869386145991,56.72429298202944,56.77869386145991,90300.0
2021-09-21,56.7514877319336,56.76055339131126,56.71521817671261,56.76055339131126,49400.0
2021-09-22,56.7514877319336,56.76055339131126,56.71521817671261,56.72428729494543,52400.0
2021-09-23,56.579219818115234,56.66989025898737,56.570150698714656,56.66989025898737,78800.0
2021-09-24,56.579219818115234,56.61548591915073,56.561085038169686,56.561085038169686,39600.0
2021-09-27,56.5520133972168,56.57014817635375,56.51574729779835,56.51574729779835,275400.0
2021-09-28,56.37065887451172,56.47039841230719,56.31625800579042,56.47039841230719,254200.0
2021-09-29,56.34345626831055,56.36159104347022,56.29812105983871,56.33439061015805,117300.0
2021-09-30,56.28907775878906,56.34347864702054,56.27094297642655,56.34347864702054,169300.0
2021-10-01,56.32901382446289,56.34717317399932,56.29269512539003,56.34717317399932,164300.0
2021-10-04,56.29268646240234,56.36532384936976,56.28360852080204,56.36532384936976,178800.0
2021-10-05,56.30177307128906,56.35625111990116,56.28361718529347,56.29269512829127,80100.0
2021-10-06,56.29268646240234,56.32900515588605,56.27452711566049,56.32900515588605,66100.0
2021-10-07,56.25636672973633,56.28360748111653,56.22912944189731,56.28360748111653,82600.0
2021-10-08,56.229129791259766,56.247289137779006,56.21097044474053,56.229129791259766,106300.0
2021-10-11,56.15650939941406,56.1928281034434,56.15650939941406,56.15650939941406,141400.0
2021-10-12,56.274532318115234,56.274532318115234,56.2200542728533,56.25637296969459,56700.0
2021-10-13,56.24729919433594,56.26545854410192,56.20190255169189,56.20190255169189,66100.0
2021-10-14,56.29268646240234,56.29268646240234,56.22913048057648,56.29268646240234,93000.0
2021-10-15,56.25636672973633,56.29268542254915,56.23820738332992,56.23820738332992,61600.0
2021-10-18,56.274532318115234,56.31085101495652,56.25637296969459,56.25637296969459,96600.0
2021-10-19,56.229129791259766,56.28360783081748,56.229129791259766,56.229129791259766,75300.0
2021-10-20,56.25636672973633,56.28360748111653,56.22004803692351,56.22004803692351,53700.0
2021-10-21,56.12926483154297,56.28361757189992,56.11110548188087,56.28361757189992,81000.0
2021-10-22,56.13834381103516,56.16558110257981,56.10202511328117,56.10202511328117,222100.0
2021-10-25,56.16559219360352,56.1746701380638,56.11111413621475,56.11111413621475,98500.0
2021-10-26,56.10202026367188,56.14741690016932,56.08386091636463,56.14741690016932,152700.0
2021-10-27,56.21098709106445,56.22006503524181,56.15650903537361,56.22006503524181,72400.0
2021-10-28,56.229129791259766,56.23820773274878,56.16557381021304,56.16557381021304,47300.0
2021-10-29,56.29268646240234,56.29268646240234,56.19281178709277,56.19281178709277,75400.0
2021-11-01,56.228145599365234,56.246328116405394,56.17360151620528,56.18269104074509,134900.0
2021-11-02,56.29179000854492,56.3190655216388,56.2463354440031,56.2463354440031,149300.0
2021-11-03,56.364505767822266,56.364505767822266,56.31905121482733,56.32814073824228,105800.0
2021-11-04,56.400875091552734,56.42814713183407,56.337238018922726,56.337238018922726,150800.0
2021-11-05,56.45541763305664,56.546330211449934,56.45541763305664,56.50087565623342,164400.0
2021-11-08,56.49178695678711,56.51905899839716,56.46451491517706,56.49178695678711,145700.0
2021-11-09,56.63724899291992,56.65543151170332,56.582704904530594,56.59179442994186,392500.0
2021-11-10,56.59178161621094,56.637236168897005,56.58269209285776,56.637236168897005,106500.0
2021-11-11,56.55541610717773,56.60087065947826,56.53723359266552,56.53723359266552,43800.0
2021-11-12,56.54634094238281,56.59179550622535,56.54634094238281,56.54634094238281,51100.0
2021-11-15,56.49178695678711,56.58269954208815,56.49178695678711,56.58269954208815,109500.0
2021-11-16,56.409969329833984,56.50088191830324,56.409969329833984,56.437244840355085,97500.0
2021-11-17,56.42815780639648,56.49179489106478,56.40088576095608,56.41906828057002,84600.0
2021-11-18,56.47359848022461,56.51905303409817,56.39177889606813,56.39177889606813,219300.0
2021-11-19,56.56451416015625,56.59178620038502,56.50996661173834,56.59178620038502,75300.0
2021-11-22,56.537254333496094,56.58271237043306,56.49179976452045,56.58271237043306,106000.0
2021-11-23,56.42815780639648,56.50088788485226,56.42815780639648,56.473612371450834,71300.0
2021-11-24,56.52814102172852,56.54632353526044,56.45541096760081,56.54632353526044,105100.0
2021-11-26,56.62816619873047,56.62816619873047,56.54634658845996,56.54634658845996,60900.0
2021-11-29,56.63724899291992,56.63724899291992,56.582704904530594,56.61906647413653,64400.0
2021-11-30,56.70088195800781,56.73724699293439,56.67360991579319,56.70088195800781,62200.0
2021-12-01,56.737300872802734,56.75550327166003,56.67357858714264,56.67357858714264,84300.0
2021-12-02,56.69178009033203,56.755498898667724,56.68267889160463,56.755498898667724,131000.0
2021-12-03,56.71909713745117,56.73730300940895,56.66447952157783,56.67358072134921,106600.0
2021-12-06,56.65536880493164,56.73729347877256,56.65536880493164,56.69177707031638,125300.0
2021-12-07,56.65536880493164,56.70998293921596,56.65536880493164,56.65536880493164,79500.0
2021-12-08,56.69178009033203,56.69178009033203,56.64626715186577,56.6553718230078,98200.0
2021-12-09,56.6735725402832,56.68267721115531,56.63716427403836,56.68267721115531,67600.0
2021-12-10,56.68268966674805,56.73730728673891,56.68268966674805,56.69179086720555,117400.0
2021-12-13,56.76461410522461,56.80102585172142,56.73730703155963,56.80102585172142,145300.0
2021-12-14,56.773704528808594,56.78280919991218,56.7372962616381,56.76460333011963,246600.0
2021-12-15,56.74639892578125,56.74639892578125,56.6735754447304,56.6735754447304,66400.0
2021-12-16,56.71905517578125,56.77374296667551,56.7099422824038,56.7099422824038,117500.0
2021-12-17,56.81020736694336,56.81020736694336,56.74640319919909,56.74640319919909,103400.0
2021-12-20,56.79197692871094,56.81020619385046,56.746402027423706,56.746402027423706,95800.0
2021-12-21,56.755516052246094,56.901346690457096,56.71905752347418,56.901346690457096,87800.0
2021-12-22,56.79197692871094,56.81020619385046,56.76463129256324,56.79197692871094,65200.0
2021-12-23,56.77374649047852,56.82843080789036,56.737287960952784,56.82843080789036,81500.0
2021-12-27,56.76463317871094,56.78286244445618,56.72817812409738,56.737291018531536,100000.0
2021-12-28,56.80109786987305,56.810214242172734,56.76463933442889,56.80109786987305,67900.0
2021-12-29,56.70083236694336,56.782862324184734,56.70083236694336,56.72817800394176,57800.0
2021-12-30,56.7828483581543,56.8193068806004,56.72816405136121,56.791964727203855,161500.0
2021-12-31,56.81020736694336,56.81020736694336,56.76463246471504,56.79197810142741,130500.0
2022-01-03,56.755516052246094,56.76462894600074,56.71905752347418,56.755516052246094,115100.0
2022-01-04,56.6826057434082,56.737293543077286,56.65526358201221,56.72818064823765,124100.0
2022-01-05,56.627906799316406,56.73727889353765,56.61879042995353,56.73727889353765,105000.0
2022-01-06,56.52764892578125,56.60056249801656,56.51853255620416,56.60056249801656,85000.0
2022-01-07,56.49119186401367,56.527650389513525,56.46384970832697,56.51853401970038,78300.0
2022-01-10,56.32711410522461,56.436486170147305,56.30888484825829,56.436486170147305,146700.0
2022-01-11,56.27244567871094,56.29067146394125,56.21775789239129,56.29067146394125,294100.0
2022-01-12,56.26333618164063,56.2906783397021,56.235994023579146,56.235994023579146,64800.0
2022-01-13,56.27244567871094,56.29067146394125,56.21775789239129,56.21775789239129,53300.0
2022-01-14,56.15394973754883,56.27243818702864,56.15394973754883,56.26332181875093,166300.0
2022-01-18,55.97167205810547,56.12661905861536,55.96255916484088,56.1083897952097,546700.0
2022-01-19,55.97167205810547,56.03547274158704,55.96255916484088,56.03547274158704,525100.0
2022-01-20,55.94432830810547,55.98989972688348,55.93521193822403,55.94432830810547,254200.0
2022-01-21,55.82583618164063,55.944324644204535,55.8167232892324,55.91697901322753,225400.0
2022-01-24,55.60709762573242,55.83495821889567,55.59798473183165,55.825845324994894,610600.0
2022-01-25,55.57063293457031,55.68911791911283,55.525058042341215,55.67089213447254,365500.0
2022-01-26,55.37923431396485,55.57063984525205,55.37923431396485,55.525064947355325,242000.0
2022-01-27,55.21518325805664,55.433927490956016,55.19695399250221,55.424814596617246,612300.0
2022-01-28,55.051116943359375,55.16960194036988,55.0055420463345,55.16960194036988,647300.0
2022-01-31,55.0966796875,55.14225110047231,55.00553338467944,55.00553338467944,209400.0
2022-02-01,55.26824951171875,55.3138797998065,55.17698545417542,55.17698545417542,180500.0
2022-02-02,55.37777328491211,55.47816202635269,55.359520469980325,55.39602609984389,181200.0
2022-02-03,55.469032287597656,55.487285102006034,55.3412660681074,55.3412660681074,124500.0
2022-02-04,55.295631408691406,55.42339761809801,55.27737859572359,55.40514480513019,473200.0
2022-02-07,55.38689041137695,55.39601855828439,55.2865051649712,55.359512933390654,221000.0
2022-02-08,55.20438003540039,55.30476530141928,55.16787440337424,55.30476530141928,160400.0
2022-02-09,55.22262954711914,55.29564081140556,55.18612739634463,55.18612739634463,154400.0
2022-02-10,54.830204010009766,55.20437802120394,54.81195119466266,55.20437802120394,248500.0
2022-02-11,54.830204010009766,54.98534771840728,54.75719274862136,54.97622305141801,470700.0
2022-02-14,54.70243835449219,54.83933273905119,54.68418553779306,54.83933273905119,391600.0
2022-02-15,54.62029647827149,54.66593025573951,54.58379433021287,54.611171811598936,235300.0
2022-02-16,54.62029647827149,54.70243240379813,54.4103943311186,54.6020471449264,322000.0
2022-02-17,54.830204010009766,54.830204010009766,54.70243430258006,54.70243430258006,273700.0
2022-02-18,54.83931350708008,54.86669098184316,54.80280788648424,54.80280788648424,482700.0
2022-02-22,54.84845352172852,54.93058945037236,54.81195137228458,54.84845352172852,725100.0
2022-02-23,54.830204010009766,54.90321179002961,54.76631741561064,54.90321179002961,210800.0
2022-02-24,54.88496017456055,55.03097921916102,54.88496017456055,54.99447358766874,487000.0
2022-02-25,54.866695404052734,55.021842563405976,54.80281230354489,55.021842563405976,317700.0
2022-02-28,54.912330627441406,54.96708906766947,54.90320596142082,54.92145877483018,388800.0
2022-03-01,55.09968566894531,55.108823243424176,54.94431901245898,54.97173870848199,204400.0
2022-03-02,54.93519592285156,55.10883777408012,54.93519592285156,55.10883777408012,159700.0
2022-03-03,54.88949966430664,54.999168015635306,54.81638510589151,54.999168015635306,228700.0
2022-03-04,54.85293960571289,54.889496883068105,54.79810368968006,54.79810368968006,330500.0
2022-03-07,54.76154327392578,54.8255202487778,54.72498948495933,54.8255202487778,327900.0
2022-03-08,54.496524810791016,54.64275046059868,54.45082994890634,54.597055598714,359900.0
2022-03-09,54.43254852294922,54.533075819436256,54.4051288181852,54.47824338249684,267300.0
2022-03-10,54.30458068847656,54.49650461533975,54.2588858435256,54.49650461533975,398700.0
2022-03-11,54.240604400634766,54.36855484068487,54.12179850717063,54.36855484068487,516200.0
2022-03-14,53.692264556884766,54.03041060857024,53.65570728473138,54.01213197249355,701100.0
2022-03-15,53.692264556884766,53.75623804000652,53.65570728473138,53.692264556884766,280200.0
2022-03-16,53.79280090332031,53.85677439309139,53.67399149961956,53.71968635141408,294200.0
2022-03-17,53.902462005615234,53.902462005615234,53.811072314300105,53.89332443100103,411200.0
2022-03-18,53.93902587890625,53.94816345463892,53.8567737521375,53.90246860338821,264400.0
2022-03-21,53.65570831298828,53.8659074024585,53.6465707379215,53.80193391811076,502400.0
2022-03-22,53.57346725463867,53.67399803259906,53.47293647667828,53.59174589484002,423800.0
2022-03-23,53.51862716674805,53.59173823080388,53.4272339788112,53.59173823080388,240200.0
2022-03-24,53.37239837646485,53.39067352667112,53.32670004206884,53.35411973996513,259100.0
2022-03-25,53.180477142333984,53.271870329482894,53.098225017046765,53.244450630191416,897200.0
2022-03-28,53.05252456665039,53.20789122525698,52.93371517904456,53.16219289335941,814000.0
2022-03-29,53.07995223999024,53.14392573070897,53.00683768700095,53.05253253947237,374200.0
2022-03-30,53.18963241577149,53.18963241577149,53.06168540587085,53.070822983880376,317100.0
2022-03-31,53.17133331298828,53.29014269916122,53.15305467770835,53.15305467770835,357800.0
2022-04-01,53.16951370239258,53.22443268726053,53.16036228403547,53.16951370239258,178700.0
2022-04-04,53.14204406738281,53.26102993728247,53.13288915949864,53.19695954839056,406600.0
2022-04-05,52.977294921875,53.17865752113107,52.977294921875,53.14204836135927,283500.0
2022-04-06,52.84000015258789,52.99560217775407,52.75762343139984,52.922376873775946,817000.0
2022-04-07,52.71186447143555,52.84916018391493,52.64779407003184,52.84000527424297,506300.0
2022-04-08,52.5196418762207,52.63862774354928,52.5196418762207,52.63862774354928,485700.0
2022-04-11,52.245059967041016,52.65694007901936,52.22675364115259,52.647788661862464,955000.0
2022-04-12,52.27251815795898,52.455577926837066,52.19929285377788,52.39150753146594,406700.0
2022-04-13,52.171852111816406,52.382369692576745,52.171852111816406,52.290841524098624,339200.0
2022-04-14,51.9430046081543,52.23589880415187,51.9430046081543,52.23589880415187,697200.0
2022-04-18,51.82401657104492,52.061995293593554,51.82401657104492,52.025382645266944,762000.0
2022-04-19,51.61349868774414,51.961311861051385,51.586040947495306,51.8240161766586,759100.0
2022-04-20,51.878944396972656,51.979627451265806,51.69588461567374,51.69588461567374,874900.0
2022-04-21,51.75994873046875,51.98877255641386,51.7416424054042,51.961314814604286,852100.0
2022-04-22,51.72333908081055,51.86063478097193,51.714187663534645,51.796564385316536,600900.0
2022-04-25,51.695892333984375,51.860645812593965,51.668434584741256,51.81488173333028,1673900.0
2022-04-26,51.66843032836914,51.79657113638156,51.6409690898128,51.77826480786905,392400.0
2022-04-27,51.75080490112305,51.79656897470683,51.61350918879669,51.686734499790745,820900.0
2022-04-28,51.70503234863281,51.72333518180491,51.63180704964668,51.650113374393214,1602300.0
2022-04-29,51.61349868774414,51.7050303078641,51.586040947495306,51.650111335792126,1053600.0
2022-05-02,51.49983978271485,51.646510599059134,51.49983978271485,51.646510599059134,1368100.0
2022-05-03,51.50901412963867,51.73818753855719,51.46318014723671,51.73818753855719,562200.0
2022-05-04,51.58234405517578,51.62817803114117,51.38983925797623,51.56400976540798,240500.0
2022-05-05,51.48151016235352,51.49067555930894,51.21566819083683,51.49067555930894,502800.0
2022-05-06,51.19733428955078,51.39900799318868,51.15150031060811,51.27983685041097,449000.0
2022-05-09,51.124000549316406,51.26150248594727,51.08733196745147,51.24317169192324,931500.0
2022-05-10,51.059814453125,51.33482172728257,50.99564620571847,51.33482172728257,553500.0
2022-05-11,51.02315902709961,51.1239958695436,50.98649044859123,51.087327291035216,337300.0
2022-05-12,50.98648071289063,51.12398610758679,50.98648071289063,51.07815214165721,735100.0
2022-05-13,50.91315078735352,51.05065269519042,50.885647608259966,50.949819361539774,442600.0
2022-05-16,50.98648071289063,51.05981785590389,50.9131470667848,50.98648071289063,816600.0
2022-05-17,50.793983459472656,50.90398569333106,50.793983459472656,50.84898632485584,329600.0
2022-05-18,50.84897994995117,50.89481391690367,50.73897423297616,50.83064566378867,532700.0
2022-05-19,50.96815872192383,50.97732761546598,50.85815647777609,50.8764907679521,739300.0
2022-05-20,51.13315582275391,51.23399265446413,50.92231676413605,50.92231676413605,539300.0
2022-05-23,51.27982711791992,51.37149855531523,51.17899378214676,51.17899378214676,912400.0
2022-05-24,51.75651931762695,51.80235329780324,51.463177648208486,51.463177648208486,551900.0
2022-05-25,52.14153289794922,52.18736687852427,52.04069604253897,52.04069604253897,462800.0
2022-05-26,52.32486343383789,52.40736248672177,52.21485770284343,52.21485770284343,561000.0
2022-05-27,52.61820983886719,52.67320921245575,52.51737299141044,52.51737299141044,364900.0
2022-05-31,52.64571380615234,52.70071668112134,52.55404584477926,52.599879825465806,501200.0
2022-06-01,52.729251861572266,52.76597223761618,52.60073404726637,52.68335314244127,455500.0
2022-06-02,52.821048736572266,52.839408923181225,52.701709274537805,52.701709274537805,727800.0
2022-06-03,52.73841094970703,52.82103000923154,52.65579189018252,52.6833304094086,322500.0
2022-06-06,52.61907958984375,52.75677921075866,52.61907958984375,52.68333847911156,335100.0
2022-06-07,52.64661407470703,52.77513534523046,52.64661407470703,52.65579591638198,228200.0
2022-06-08,52.44465637207031,52.57317413410672,52.44465637207031,52.5272754336432,263900.0
2022-06-09,52.196807861328125,52.3345039856008,52.196807861328125,52.30696546111565,221900.0
2022-06-10,51.92140579223633,52.04992355998933,51.91222395062738,51.95812265313252,326100.0
2022-06-13,50.82899856567383,51.746986637665714,50.77392152253613,51.49912943800632,3075800.0
2022-06-14,50.911617279052734,51.12275411392462,50.83818005476304,50.95751598196461,592700.0
2022-06-15,51.21456146240234,51.21456146240234,50.95752239044646,51.03096312581872,381000.0
2022-06-16,51.22373580932617,51.24209599173764,50.92080155415386,51.00342062408208,615200.0
2022-06-17,51.205379486083984,51.2788202212648,51.03096299280003,51.17784096131467,231100.0
2022-06-21,50.97590255737305,51.23294173009096,50.93918567714052,51.177861156969605,497200.0
2022-06-22,51.27882385253906,51.4073416463594,51.19620477053353,51.27882385253906,328100.0
2022-06-23,51.37062072753906,51.526680548259385,51.34308220111374,51.37062072753906,584600.0
2022-06-24,51.55421829223633,51.57257847685696,51.35225976325656,51.444060686359705,830100.0
2022-06-27,51.41650390625,51.53584332112004,51.37978704939057,51.42568574684947,315600.0
2022-06-28,51.43486404418945,51.46240606411953,51.31552813126165,51.361426828683584,422300.0
2022-06-29,51.63682556152344,51.67354592236587,51.444048919870205,51.444048919870205,220400.0
2022-06-30,51.8296127319336,51.94895217799114,51.79289236363172,51.79289236363172,247800.0
2022-07-01,51.91328430175781,52.2259042959156,51.89489447768968,51.96845377396223,1179300.0
2022-07-05,52.06040191650391,52.13396121635083,52.03281893281154,52.06959858273501,607600.0
2022-07-06,52.087989807128906,52.21671507781898,51.97765085439407,52.189128585884994,463800.0
2022-07-07,52.16154098510742,52.25349010424887,52.078788531630245,52.25349010424887,425700.0
2022-07-08,52.143157958984375,52.24430024947537,52.07879532094477,52.24430024947537,144800.0
2022-07-11,52.27186965942383,52.3454289452224,52.23509352402434,52.29945614534819,343500.0
2022-07-12,52.44657897949219,52.50174494451424,52.37301968279569,52.45577213782909,337200.0
2022-07-13,52.53852844238281,52.56611142691485,52.17074245445345,52.271881233571136,631500.0
2022-07-14,52.55691909790039,52.593698749524336,52.373024347281294,52.42819382471721,522400.0
2022-07-15,52.5477180480957,52.63966365584823,52.51093840199465,52.51093840199465,424500.0
2022-07-18,52.51094055175781,52.6488589690329,52.51094055175781,52.6488589690329,214000.0
2022-07-19,52.5477180480957,52.566104363646126,52.43737910979254,52.55691120587091,462100.0
2022-07-20,52.59368515014648,52.73160354682317,52.52932253019742,52.722410390044615,158700.0
2022-07-21,52.63968276977539,52.65807259950342,52.58451328059129,52.63968276977539,231600.0
2022-07-22,52.8879280090332,52.93390081899704,52.76839589712676,52.89712116802574,262700.0
2022-07-25,52.67644119262695,52.77758346160476,52.65805137031281,52.759193639290615,167500.0
2022-07-26,52.7775993347168,52.86954496644064,52.722429851181886,52.86035180626866,297200.0
2022-07-27,52.89712142944336,52.943097747134985,52.81436896809926,52.81436896809926,171700.0
2022-07-28,53.11779022216797,53.15456986943887,52.96147847501676,52.96147847501676,203400.0
2022-07-29,53.13618087768555,53.20054350766714,53.090208071627295,53.090208071627295,128500.0
2022-08-01,53.27983093261719,53.27983093261719,53.19695514860044,53.20616200783444,112000.0
2022-08-02,53.178524017333984,53.40873407801509,53.178524017333984,53.36269276842422,171100.0
2022-08-03,53.36270904541016,53.36270904541016,53.1324989145091,53.28904011741246,190400.0
2022-08-04,53.39032745361328,53.39032745361328,53.32586890484086,53.38112059495756,157800.0
2022-08-05,53.12327575683594,53.24298597965732,53.0680275868622,53.20615152452351,164700.0
2022-08-08,53.178524017333984,53.23377569647908,53.16010679095229,53.20614810054315,137800.0
2022-08-09,53.16012573242188,53.18774982547378,53.11408440642604,53.14170849947794,163900.0
2022-08-10,53.25221633911133,53.32588176430379,53.16934054031463,53.27063006086322,378900.0
2022-08-11,53.12327575683594,53.298237662358034,53.0680275868622,53.298237662358034,160400.0
2022-08-12,53.26140975952149,53.2798269893541,53.1693271230858,53.26140975952149,232500.0
2022-08-15,53.26140975952149,53.2798269893541,53.21536844130364,53.2798269893541,197500.0
2022-08-16,53.16933059692383,53.27983047041168,53.132496134852,53.27983047041168,252700.0
2022-08-17,52.80099868774414,53.04041569153832,52.78258145472489,53.04041569153832,343400.0
2022-08-18,52.72732162475586,52.8838663249152,52.66286307549245,52.8838663249152,786400.0
2022-08-19,52.43266296386719,52.51553875911043,52.3958320092143,52.51553875911043,634500.0
2022-08-22,52.30374526977539,52.386621064113896,52.26691080279648,52.34057973675431,332900.0
2022-08-23,52.34977340698242,52.4510664092884,52.26689763352546,52.33135969086063,206500.0
2022-08-24,52.24848556518555,52.34056819960745,52.11956495917661,52.34056819960745,202300.0
2022-08-25,52.18402862548828,52.23007345994394,52.128780444505786,52.18402862548828,236500.0
2022-08-26,52.156394958496094,52.19322941420633,52.09193641736671,52.19322941420633,149100.0
2022-08-29,52.05511093139648,52.110362624482384,51.94461105795233,52.09194539345375,783600.0
2022-08-30,51.98144912719727,52.05511454369608,51.880156105874505,51.9630318948906,282100.0
2022-08-31,51.93540573120117,51.98144705376743,51.88936089590717,51.88936089590717,208500.0
2022-09-01,51.7315673828125,51.75001371951554,51.556332461552046,51.65778203600032,551300.0
2022-09-02,51.91603088378906,51.91603088378906,51.823799193785455,51.88835961764836,414000.0
2022-09-06,51.62090301513672,51.73157753880373,51.602456674812274,51.73157753880373,305000.0
2022-09-07,51.65778350830078,51.6854547732835,51.53788759373231,51.55633393096109,273800.0
2022-09-08,51.48256301879883,51.5655698004656,51.46411667639731,51.4733416067381,179700.0
2022-09-09,51.66701889038086,51.66701889038086,51.44566631712595,51.49178392866891,234100.0
2022-09-12,51.602447509765625,51.72234694143951,51.574776245053776,51.66700793029487,307400.0
2022-09-13,51.46410369873047,51.55633538748003,51.42721102323064,51.42721102323064,297800.0
2022-09-14,51.30732727050781,51.46411590113869,51.26121317433873,51.45489448921688,767400.0
2022-09-15,51.27043533325195,51.33499577248529,51.18742855162623,51.32577436042913,452500.0
2022-09-16,51.18742752075195,51.30732698474779,51.18742752075195,51.2150952746433,284000.0
2022-09-19,51.14131927490234,51.18743337608959,51.08598024250941,51.1782119631643,498900.0
2022-09-20,50.9015007019043,51.06751421682064,50.80927253507479,50.99373238701284,1338100.0
2022-09-21,51.039852142333984,51.08596623087326,50.91073128711225,50.92917762618384,1587000.0
2022-09-22,50.84617233276367,51.01218587093882,50.80005824288825,51.01218587093882,567900.0
2022-09-23,50.67094802856445,50.84618654466293,50.5233807887492,50.84618654466293,1771500.0
2022-09-26,50.27434921264648,50.541815874692766,50.246681460807125,50.514148122853406,1124300.0
2022-09-27,50.08066940307617,50.19134393200584,49.98844121534809,50.1452298381418,901300.0
2022-09-28,50.12677383422852,50.21900552245736,50.03454566427884,50.191334256849125,389200.0
2022-09-29,50.17290878295898,50.17290878295898,50.00689520503302,50.126791163761474,366000.0
2022-09-30,50.00688934326172,50.172902901727696,50.00688934326172,50.10834246435537,387600.0
2022-10-03,50.30163192749024,50.34783389604684,50.19075495732812,50.199996760925565,916500.0
2022-10-04,50.70818328857422,50.79134189179221,50.53262427916118,50.54186608213824,535700.0
2022-10-05,50.68046951293945,50.7359097655266,50.597310896416566,50.69894959713517,293500.0
2022-10-06,50.79133987426758,50.79133987426758,50.643502754942965,50.73589963275274,612100.0
2022-10-07,50.80057907104492,50.80982087382204,50.68970211072465,50.77286071214361,489800.0
2022-10-10,50.70818328857422,50.81906025129318,50.56034616337724,50.81906025129318,303700.0
2022-10-11,50.82829284667969,50.84677292585253,50.68045573801169,50.79133621304872,280900.0
2022-10-12,50.85601806640625,50.93917666578589,50.82829618346975,50.92069658539986,251900.0
2022-10-13,50.76361846923828,50.76361846923828,50.48642430848341,50.495666111180405,383000.0
2022-10-14,50.63427734375,50.809836403021805,50.57884060900404,50.809836403021805,301600.0
2022-10-17,50.7543830871582,50.92070029804371,50.7543830871582,50.92070029804371,1021300.0
2022-10-18,50.85601806640625,50.8929782271783,50.75437938664059,50.86525634424179,385400.0
2022-10-19,50.67123031616211,50.79134909890254,50.643511952728005,50.79134909890254,279200.0
2022-10-20,50.514156341552734,50.6989536736531,50.47719969490541,50.6989536736531,832500.0
2022-10-21,50.09837341308594,50.39404777388355,50.09837341308594,50.38480596745565,1718300.0
2022-10-24,49.94126510620117,50.14454243167594,49.90430495162133,50.08910219980618,2256800.0
2022-10-25,49.88584899902344,50.08912288372424,49.830408744260055,49.97824589891328,451300.0
2022-10-26,49.94126510620117,49.97822526078101,49.81190808988608,49.90430495162133,852500.0
2022-10-27,49.95975875854492,50.04291736658822,49.92279859392227,49.93204039743559,974200.0
2022-10-28,49.97824478149414,50.00596314589821,49.867367799162174,49.94128461247825,624100.0
2022-10-31,49.92279815673828,50.015198567485726,49.89507979587168,49.959758321037256,457000.0
2022-11-01,50.1236572265625,50.16993875102035,50.02183575412285,50.15142543502641,351800.0
2022-11-02,50.21623992919922,50.39211120339345,50.142186636240375,50.21623992919922,367100.0
2022-11-03,50.1236572265625,50.17919364349033,50.04960396258676,50.11439880303854,374700.0
2022-11-04,50.09588241577149,50.19770388196867,50.07736910091256,50.14216393739191,289200.0
2022-11-07,50.09588241577149,50.20696230492501,50.09588241577149,50.17919056710975,339800.0
2022-11-08,50.36433029174805,50.36433029174805,50.216227274209146,50.216227274209146,958400.0
2022-11-09,50.41987228393555,50.4291271780692,50.27176926041474,50.33656411251418,564600.0
2022-11-10,51.08633804321289,51.11410978985352,50.83641350977646,50.84567193567497,538400.0
2022-11-11,51.0955924987793,51.16038735081449,51.04931096604768,51.04931096604768,271300.0
2022-11-14,50.94748306274414,51.11409938444999,50.9382246387304,51.11409938444999,358000.0
2022-11-15,51.28073120117188,51.28073120117188,51.11411482912112,51.1418830474445,390500.0
2022-11-16,51.54914093017578,51.54914093017578,51.364014855031705,51.364014855031705,388100.0
2022-11-17,51.66949462890625,51.70652126991828,51.53064649063859,51.60469977266264,482300.0
2022-11-18,51.706520080566406,51.74354672072674,51.62321190573303,51.706520080566406,403500.0
2022-11-21,51.697261810302734,51.771315090845874,51.64172538095015,51.752801770710086,321800.0
2022-11-22,51.86387252807617,51.882385846201416,51.75279615037908,51.78982278662957,298600.0
2022-11-23,52.01198959350586,52.03050291663264,51.92868140496303,51.96570805121658,197900.0
2022-11-25,52.06752014160156,52.06752014160156,51.974957073771705,52.049006821824655,80700.0
2022-11-28,52.10454177856445,52.10454177856445,51.96569365909587,52.058260249093046,677400.0
2022-11-29,52.261905670166016,52.271164095753214,52.05826621095955,52.05826621095955,320100.0
2022-11-30,52.44702911376953,52.44702911376953,52.22487282976318,52.23413125425121,344400.0
2022-12-01,52.51842880249024,52.5462446353229,52.42570700164138,52.42570700164138,513900.0
2022-12-02,52.56478500366211,52.58333006959596,52.40715724888886,52.509153342970215,380600.0
2022-12-05,52.48133087158203,52.574056195767184,52.453515042881214,52.47206010771824,274600.0
2022-12-06,52.61115264892578,52.648239245947934,52.52770161568365,52.54624314563979,313000.0
2022-12-07,52.76877212524414,52.76877212524414,52.58332502082094,52.62968591264941,453300.0
2022-12-08,52.61115264892578,52.76878041332209,52.59260758185977,52.76878041332209,628500.0
2022-12-09,52.574066162109375,52.6853330351147,52.490615123077845,52.6853330351147,339300.0
2022-12-12,52.48133087158203,52.629687853168825,52.48133087158203,52.61114632544124,482600.0
2022-12-13,52.7595100402832,52.81514170478465,52.68532977146808,52.81514170478465,447000.0
2022-12-14,52.7317008972168,52.74097520117221,52.5555280302804,52.72243013037197,427100.0
2022-12-15,52.765132904052734,52.77441934573138,52.700117183029015,52.77441934573138,646100.0
2022-12-16,52.718692779541016,52.7558456343498,52.53293559167962,52.65367705517128,352000.0
2022-12-19,52.56079864501953,52.61652792742756,52.514359347891805,52.61652792742756,372900.0
2022-12-20,52.41218566894531,52.5329306642026,52.35645639195943,52.5329306642026,366000.0
2022-12-21,52.36574935913086,52.44005152292009,52.3193100638762,52.40289866947992,570000.0
2022-12-22,52.31930160522461,52.393603757001145,52.272858774387416,52.347164469254494,361100.0
2022-12-23,52.34717559814453,52.38432845347669,52.21714414757329,52.21714414757329,304500.0
2022-12-27,52.2542839050293,52.28215031297864,52.15211888618387,52.21713459958126,377800.0
2022-12-28,52.17999649047852,52.328604383520336,52.16142006096183,52.29145152448697,349500.0
2022-12-29,52.27286911010742,52.27286911010742,52.179990516249575,52.26358266795813,353200.0
2022-12-30,52.11495971679688,52.23570468835754,52.11495971679688,52.20783828378802,519400.0
2023-01-03,52.34717559814453,52.41219132343015,52.337885612765845,52.34717559814453,295000.0
2023-01-04,52.54221725463867,52.61652295749744,52.53293081332679,52.55150723904148,215200.0
2023-01-05,52.56079864501953,52.64439079708594,52.52364579008085,52.57937507248887,157500.0
2023-01-06,52.727989196777344,52.79300492907798,52.56080487283522,52.56080487283522,296500.0
2023-01-09,52.84871673583984,52.91373244663342,52.79298746526371,52.79298746526371,184300.0
2023-01-10,52.90446090698242,52.932327323530586,52.81158230006651,52.89517446352753,172400.0
2023-01-11,53.07164001464844,53.10879287099775,52.96947143123352,52.96947143123352,118700.0
2023-01-12,53.275970458984375,53.28525690035422,53.14593902126086,53.1552254626307,239600.0
2023-01-13,53.22953796386719,53.31313011923509,53.21096153566416,53.28526370538486,144900.0
2023-01-17,53.34099197387695,53.34099197387695,53.22024696440313,53.26668626248035,230200.0
2023-01-18,53.50817108154297,53.554610375107245,53.47101822945515,53.4803082140226,186200.0
2023-01-19,53.54533004760742,53.57319291830926,53.4617378924105,53.50817719127737,187900.0
2023-01-20,53.47102355957031,53.52675284325726,53.42458426137686,53.489599987465965,165100.0
2023-01-23,53.37814331054688,53.48959833137869,53.34099045590586,53.44315903462303,235000.0
2023-01-24,53.56389617919922,53.56389617919922,53.40600187434134,53.452441167353015,240500.0
2023-01-25,53.48030471801758,53.54532043337569,53.43386188439828,53.526744008546125,479300.0
2023-01-26,53.4152946472168,53.53603965783225,53.4152946472168,53.48960035931596,143300.0
2023-01-27,53.39672470092773,53.45245044497756,53.368858285811264,53.45245044497756,141200.0
2023-01-30,53.37814331054688,53.46173546194354,53.37814331054688,53.45244547673767,129100.0
2023-01-31,53.44316101074219,53.52675316522976,53.35956885625461,53.52675316522976,328300.0
2023-02-01,53.62273406982422,53.66925664041072,53.427333594249504,53.54829511733011,274200.0
2023-02-02,53.62273406982422,53.79952125783078,53.62273406982422,53.7250858547813,249100.0
2023-02-03,53.4738655090332,53.54830092014896,53.445949124100416,53.52038808466118,240400.0
2023-02-06,53.26915740966797,53.39011893562178,53.26915740966797,53.36220255305109,229200.0
2023-02-07,53.30636978149414,53.32497951757918,53.19471136498392,53.29706313872951,279900.0
2023-02-08,53.25055313110352,53.259859776062896,53.19472390968242,53.259859776062896,124100.0
2023-02-09,53.1854133605957,53.25985231205838,53.129584146998695,53.25985231205838,162000.0
2023-02-10,53.13889694213867,53.213332352773605,53.06445798205877,53.213332352773605,106200.0
2023-02-13,53.17610549926758,53.19471168602068,53.101666554478186,53.15749576307023,116100.0
2023-02-14,53.11097717285156,53.11097717285156,52.97140591564615,53.0551479600805,151500.0
2023-02-15,52.86905670166016,53.02723770413934,52.83183722467156,53.02723770413934,172200.0
2023-02-16,52.56201171875,52.83184408836107,52.52479223692601,52.83184408836107,245700.0
2023-02-17,52.32008361816406,52.4224354086406,52.32008361816406,52.39452257467239,142100.0
2023-02-21,52.09677505493164,52.161907368663535,52.01303300164137,52.161907368663535,271800.0
2023-02-22,52.07815170288086,52.16189373428215,52.031625591423726,52.11536762282502,255300.0
2023-02-23,52.23633575439453,52.24564239764491,52.09676805063856,52.09676805063856,242600.0
2023-02-24,51.99441909790039,52.07816114448385,51.975809359832446,52.07816114448385,240200.0
2023-02-27,52.1432991027832,52.18051858295187,52.06886014244588,52.11538271793421,106800.0
2023-02-28,52.25495147705078,52.25495147705078,52.115380207863055,52.143296591367495,92100.0
2023-03-01,52.03398132324219,52.18315582363823,52.03398132324219,52.12721405226448,185100.0
2023-03-02,52.06195068359375,52.08991979111621,51.95939254721053,51.98736165473299,153200.0
2023-03-03,52.145877838134766,52.19249421742197,52.08061419581234,52.183172364205234,120600.0
2023-03-06,52.1179084777832,52.19249397297304,52.089935805060485,52.173846710025146,108100.0
2023-03-07,52.192474365234375,52.29503249461775,52.089916235851,52.145858003678406,251400.0
2023-03-08,52.23908996582031,52.276384477161976,52.18315175540817,52.20179901107901,111500.0
2023-03-09,52.4442253112793,52.48151983619616,52.32301988360032,52.32301988360032,108800.0
2023-03-10,52.76122283935547,52.77054469249225,52.58407917694277,52.61204829295485,272200.0
2023-03-13,52.84512710571289,52.95700711230882,52.723921690549886,52.723921690549886,259700.0
2023-03-14,52.73323822021485,52.78917643579363,52.59338556806651,52.72391281321792,144500.0
2023-03-15,53.05955505371094,53.218054959430646,52.882411447648295,53.14346593165652,145700.0
2023-03-16,53.05022430419922,53.07819340662231,52.91037167888376,53.031577050383824,105800.0
2023-03-17,53.24602890014648,53.30196711945448,53.20873438287388,53.25535075116418,228000.0
2023-03-20,53.00362777709961,53.17144957888285,52.99430592437902,53.087538677991226,133800.0
2023-03-21,52.94768142700195,53.05023957420702,52.86377053897972,53.05023957420702,61900.0
2023-03-22,53.14347076416016,53.218059798716894,52.96632714198929,53.05023802756516,105500.0
2023-03-23,53.12482452392578,53.25535178030136,53.08753000593247,53.08753000593247,82700.0
2023-03-24,53.22738265991211,53.329940806073566,53.17144088293286,53.329940806073566,120700.0
2023-03-27,53.180763244628906,53.22737961114101,53.143468728778906,53.208732353216014,122400.0
2023-03-28,53.33926010131836,53.42317098446583,53.21805825857266,53.21805825857266,749500.0
2023-03-29,53.30196762084961,53.46046754244868,53.30196762084961,53.30196762084961,2839700.0
2023-03-30,53.46979141235352,53.46979141235352,53.35791141186007,53.367236819918496,132800.0
2023-03-31,53.53505325317383,53.53505325317383,53.4604677742046,53.507084143135486,141800.0
2023-04-03,53.52104949951172,53.60509944727293,53.49303047526122,53.49303047526122,207100.0
2023-04-04,53.66112518310547,53.67046604445098,53.51170346403031,53.53972248557207,187300.0
2023-04-05,53.8292236328125,53.87591725081565,53.773192716206594,53.7918673134121,163600.0
2023-04-06,53.87591552734375,53.87591552734375,53.74517197611949,53.74517197611949,137500.0
2023-04-10,53.84790802001953,53.84790802001953,53.73584261135267,53.80121439661627,619500.0
2023-04-11,53.95063781738281,53.95063781738281,53.85724700515851,53.89460333004824,109600.0
2023-04-12,54.07204055786133,54.08137785722586,53.913277968704406,54.08137785722586,85900.0
2023-04-13,53.89460754394531,54.09072292120732,53.88527024324043,54.08138562050244,111300.0
2023-04-14,53.735836029052734,53.98798583953775,53.735836029052734,53.98798583953775,88300.0
2023-04-17,53.67980194091797,53.810545496381216,53.63310832289463,53.77319273945936,169200.0
2023-04-18,53.25955581665039,53.46501202469125,53.25955581665039,53.46501202469125,108100.0
2023-04-19,53.119476318359375,53.17550724017781,53.04476367260809,53.17550724017781,101200.0
2023-04-20,53.14749526977539,53.20352975776897,53.12881710711086,53.16617343243991,187400.0
2023-04-21,53.184837341308594,53.44632442354161,53.06343109777427,53.203515498967285,154300.0
2023-04-24,53.334266662597656,53.334266662597656,53.22220126312349,53.259554021285,134400.0
2023-04-25,53.52104949951172,53.53038679926512,53.40898052750001,53.40898052750001,140500.0
2023-04-26,53.30625534057617,53.50237069550064,53.28757717879835,53.48369253372282,85600.0
2023-04-27,53.24087905883789,53.343607165565686,53.231541759360375,53.29691354318806,82700.0
2023-04-28,53.43700408935547,53.43700408935547,53.36229143500344,53.42766322631374,91200.0
2023-05-01,53.23862838745117,53.38833264386579,53.15441952014101,53.38833264386579,115300.0
2023-05-02,53.36961364746094,53.38832712373175,53.1450555014419,53.38832712373175,156700.0
2023-05-03,53.44447326660156,53.45383179097786,53.3602643933712,53.40704987679016,191200.0
2023-05-04,53.48190689086914,53.58482925644762,53.37898452529066,53.4257664453086,127600.0
2023-05-05,53.52867889404297,53.52867889404297,53.40704663837656,53.46318350430535,93000.0
2023-05-08,53.41640853881836,53.41640853881836,53.33219965974424,53.40705358302413,76500.0
2023-05-09,53.40706253051758,53.48191289710593,53.37899051996885,53.42577244524058,120200.0
2023-05-10,53.52867889404297,53.55675089623841,53.50061046107857,53.5380374178518,94200.0
2023-05-11,53.54740524291992,53.54740524291992,53.4631963545555,53.52869176003539,95500.0
2023-05-12,53.43513107299805,53.50998143972811,53.37899062102642,53.49126795573756,108300.0
2023-05-15,53.42576599121094,53.42576599121094,53.35091563366478,53.39769755328509,99600.0
2023-05-16,53.29478073120117,53.36027613932741,53.266712290356224,53.36027613932741,101000.0
2023-05-17,53.29478073120117,53.33220769848246,53.21057183943429,53.33220769848246,73000.0
2023-05-18,53.004730224609375,53.23864341435746,52.94858977414631,53.23864341435746,295900.0
2023-05-19,52.74274063110352,52.90180344288161,52.64917679069174,52.8924449173014,252000.0
2023-05-22,52.66789245605469,52.7146743782,52.5743250425322,52.7146743782,179400.0
2023-05-23,52.50882339477539,52.639814188901184,52.49946843915132,52.62110427765303,195400.0
2023-05-24,52.42461395263672,52.53689483430512,52.34976360075586,52.53689483430512,194000.0
2023-05-25,52.5181999206543,52.58369534016626,52.4059189992915,52.4246324861853,103000.0
2023-05-26,52.67723846435547,52.67723846435547,52.5556026320548,52.5556026320548,171400.0
2023-05-30,52.8363037109375,52.92986754368194,52.7053129174027,52.71466787298458,128300.0
2023-05-31,52.95793914794922,53.04214803014972,52.92987071029294,52.98601115483715,128900.0
2023-06-01,53.13511657714844,53.21948793519308,53.05074521910379,53.116366989125375,169500.0
2023-06-02,52.99449920654297,53.06012097997168,52.92887743311426,53.06012097997168,118200.0
2023-06-05,53.16323471069336,53.16323471069336,52.90074765262985,52.90074765262985,129800.0
2023-06-06,53.21949005126953,53.21949005126953,53.12574210742668,53.21011346882605,110900.0
2023-06-07,53.06949615478516,53.191366691970735,52.99449780078839,53.17261710347154,207700.0
2023-06-08,53.17261505126953,53.17261505126953,53.06949410656311,53.06949410656311,184800.0
2023-06-09,53.13511657714844,53.14448958310084,53.05074521910379,53.12573999507777,154000.0
2023-06-12,53.19137191772461,53.19137191772461,53.02262918077219,53.11637355635967,198800.0
2023-06-13,53.08825302124024,53.31324096183781,53.08825302124024,53.31324096183781,176300.0
2023-06-14,53.25698852539063,53.25698852539063,53.09761881102193,53.19136675362656,115500.0
2023-06-15,53.35074234008789,53.35074234008789,53.26637096486105,53.31324315640508,117900.0
2023-06-16,53.33198928833008,53.35073887895511,53.24761791857684,53.27574409257376,121200.0
2023-06-20,53.406986236572266,53.43510883370572,53.33198787605818,53.34136445918177,119400.0
2023-06-21,53.406986236572266,53.44448184071065,53.303865278924725,53.34136445918177,128500.0
2023-06-22,53.33198928833008,53.41636065808332,53.25699450194873,53.37886147683327,163700.0
2023-06-23,53.42573928833008,53.50073407758467,53.41636270459895,53.45386188728569,119000.0
2023-06-26,53.43510437011719,53.43510437011719,53.32261041486166,53.42573136389521,68300.0
2023-06-27,53.45384979248047,53.48197238507288,53.32260625889176,53.46322279797191,125900.0
2023-06-28,53.46322250366211,53.510098259215525,53.435099911224505,53.435099911224505,162500.0
2023-06-29,53.313232421875,53.519474314485024,53.23823764572843,53.4819751383526,108000.0
2023-06-30,53.38823699951172,53.40698658976424,53.33198822875417,53.40698658976424,134900.0
2023-07-03,53.35911560058594,53.46243071400136,53.33093549422172,53.44364875372656,91300.0
2023-07-05,53.33092498779297,53.41545812428019,53.283962930405686,53.36849606689291,105300.0
2023-07-06,53.1900520324707,53.29337073418088,53.1055188749784,53.29337073418088,192500.0
2023-07-07,53.161869049072266,53.23701122187921,53.13369252575766,53.180654592274,129100.0
2023-07-10,53.20883941650391,53.227621378395,53.15248278190165,53.16187376284719,121800.0
2023-07-11,53.24640274047852,53.2557973036624,53.18065513009553,53.20883523667113,128500.0
2023-07-12,53.33092498779297,53.39667258473022,53.32153400950563,53.35910508860558,242200.0
2023-07-13,53.5281867980957,53.5281867980957,53.38729700232861,53.42486809226335,718100.0
2023-07-14,53.4906120300293,53.4906120300293,53.3779023509516,53.41546985532676,473800.0
2023-07-17,53.4906120300293,53.50000301037907,53.42486441865263,53.4624319230278,182200.0
2023-07-18,53.60332489013672,53.60332489013672,53.52818629395127,53.56575380055584,269000.0
2023-07-19,53.72542190551758,53.72542190551758,53.64088875683136,53.6784598413532,202800.0
2023-07-20,53.62211227416992,53.71603641836742,53.5375791112016,53.71603641836742,212400.0
2023-07-21,53.65028381347656,53.706640444541975,53.65028381347656,53.65967837680885,156400.0
2023-07-24,53.72542190551758,53.78177494932451,53.706636363256656,53.762992990039415,85900.0
2023-07-25,53.62211227416992,53.72543098257303,53.56575563786557,53.59393574750596,157100.0
2023-07-26,53.72542190551758,53.74420744777849,53.60331767230952,53.65027973647391,121200.0
2023-07-27,53.5093994140625,53.64089464133837,53.45304278109732,53.60332355269492,184600.0
2023-07-28,53.50000762939453,53.58454079174516,53.453045557638944,53.58454079174516,149800.0
2023-07-31,53.39668655395508,53.52818536520658,53.39668655395508,53.50939982074208,167300.0
2023-08-01,53.37599182128906,53.37599182128906,53.281885311500574,53.35717051933136,165700.0
2023-08-02,53.216007232666016,53.36657404348797,53.103083021998536,53.36657404348797,154700.0
2023-08-03,52.90546798706055,52.90546798706055,52.8207739264383,52.90546798706055,313200.0
2023-08-04,53.12190246582031,53.12190246582031,52.85840786374232,52.99956581449109,303500.0
2023-08-07,53.008975982666016,53.06543628870424,52.952512086832144,53.06543628870424,255900.0
2023-08-08,53.10308837890625,53.15955228483389,53.018394314912925,53.03721561688881,263400.0
2023-08-09,53.187782287597656,53.253655049422754,53.0842669219307,53.0842669219307,124700.0
2023-08-10,53.16894912719727,53.29128576749992,53.04661248689461,53.23482187433051,119900.0
2023-08-11,53.037208557128906,53.10308131037805,52.9242843501012,53.04661741196629,76200.0
2023-08-14,53.20658874511719,53.20658874511719,53.04660951832095,53.15953729834016,158000.0
2023-08-15,53.17836380004883,53.20659754462067,53.09366974592505,53.1595460900621,125500.0
2023-08-16,53.037208557128906,53.22541796203896,53.037208557128906,53.19718421793517,134200.0
2023-08-17,52.933692932128906,53.084259737321794,52.792534981724906,53.0748508825329,464600.0
2023-08-18,52.80195236206055,52.87723397679617,52.76430975979467,52.85841267566323,202100.0
2023-08-21,52.64196395874024,52.67019770043636,52.55726991324287,52.67019770043636,315100.0
2023-08-22,52.623138427734375,52.63255087080776,52.55726568540157,52.604320721178055,161000.0
2023-08-23,52.7360725402832,52.74548139469152,52.64196604722178,52.66078734583406,269300.0
2023-08-24,52.67961120605469,52.7266626599755,52.632559752133865,52.68902365071635,152700.0
2023-08-25,52.623138427734375,52.67019346351086,52.53844797884524,52.66078102043748,125400.0
2023-08-28,52.7360725402832,52.7360725402832,52.61373589420118,52.69842994305863,369100.0
2023-08-29,52.87723159790039,52.88664404294147,52.67020447434428,52.69843462987558,216100.0
2023-08-30,52.80195236206055,52.83959496432642,52.754900904126266,52.820773663193485,124800.0
2023-08-31,52.8489990234375,52.90546292171167,52.75489611610968,52.78312627034887,92500.0
2023-09-01,52.78392791748047,52.8782207657787,52.70849723574626,52.84050362645941,138400.0
2023-09-05,52.699066162109375,52.77450044076177,52.66134902278318,52.71792473177247,424200.0
2023-09-06,52.77450942993164,52.77450942993164,52.68021656555509,52.75565085705633,163300.0
2023-09-07,52.61420822143555,52.73678713470337,52.59534965040168,52.73678713470337,244100.0
2023-09-08,52.56706237792969,52.76507197385403,52.56706237792969,52.680210204614376,129900.0
2023-09-11,52.63306427001953,52.7084985505398,52.61420569988947,52.61420569988947,190600.0
2023-09-12,52.68021011352539,52.71792725465659,52.614206914998064,52.65192405612927,757000.0
2023-09-13,52.765079498291016,52.80279664486599,52.73679343681231,52.7556520100998,288800.0
2023-09-14,52.64249801635742,52.69907013270475,52.58592230310545,52.6330669323631,218700.0
2023-09-15,52.5859260559082,52.63307068853034,52.576494971240834,52.62364320076788,234200.0
2023-09-18,52.67079544067383,52.67079544067383,52.58593365093536,52.64250937639615,288800.0
2023-09-19,52.57649612426758,52.65193041564123,52.55764114832915,52.59535469711099,198400.0
2023-09-20,52.62363815307617,52.68021026803434,52.54820387059252,52.60477958245526,200600.0
2023-09-21,52.18990707397461,52.27476885770893,52.14276243787892,52.27476885770893,947000.0
2023-09-22,52.31248474121094,52.31248474121094,52.15219226297803,52.19933689793447,528400.0
2023-09-25,51.94474792480469,52.07675433222476,51.87874472109465,52.04846827260756,559400.0
2023-09-26,51.81274032592773,51.85988495650725,51.77502318270222,51.81274032592773,675800.0
2023-09-27,51.6995964050293,51.83160281940215,51.6995964050293,51.7844545883504,618800.0
2023-09-28,51.52986526489258,51.70901628706029,51.482717040776,51.69015771679456,962400.0
2023-09-29,51.70902633666992,51.75617097304453,51.6335920409464,51.67130918880816,919900.0
2023-10-02,51.38396835327149,51.59184513749309,51.38396835327149,51.59184513749309,958800.0
2023-10-03,51.2800407409668,51.39342843332019,51.157201971608266,51.39342843332019,814300.0
2023-10-04,51.43122482299805,51.43122482299805,51.29893858298848,51.35563062611846,343300.0
2023-10-05,51.45012664794922,51.50681869468868,51.40288207415636,51.47847267131895,434800.0
2023-10-06,51.138301849365234,51.19499749606312,50.99656813941497,50.99656813941497,2785700.0
2023-10-09,51.38396835327149,51.41231436827242,51.08159884483201,51.1949865093646,378800.0
2023-10-10,51.50680541992188,51.50680541992188,51.28947755286234,51.3178271734555,671500.0
2023-10-11,51.9320182800293,51.9792628458275,51.74303641230714,51.81863060120773,525100.0
2023-10-12,51.761940002441406,51.93202333950879,51.71469543204039,51.92257586724045,387600.0
2023-10-13,51.91312026977539,51.922571345750384,51.761935494939735,51.761935494939735,945700.0
2023-10-16,51.63910675048828,51.7902915440818,51.60130965095745,51.7902915440818,514200.0
2023-10-17,51.35562896728516,51.6391035918974,51.34618149524522,51.6391035918974,541600.0
2023-10-18,51.24223327636719,51.42176405332079,51.17609016883012,51.39341803709891,785800.0
2023-10-19,51.08160400390625,51.24223624450667,50.99656234578567,51.24223624450667,926600.0
2023-10-20,51.17609786987305,51.17609786987305,51.06271018339379,51.12885330088415,556100.0
2023-10-23,51.166648864746094,51.22334090402224,51.01546408579394,51.10995322094049,2826900.0
2023-10-24,51.21389389038086,51.21389389038086,51.10050620628497,51.204442814064,719800.0
2023-10-25,50.958763122558594,51.07215079380415,50.94931204731284,51.053252247841705,921100.0
2023-10-26,51.166648864746094,51.21389343231937,51.05325757713489,51.05325757713489,1143800.0
2023-10-27,51.15719985961914,51.15719985961914,51.03436109533192,51.0816092693475,874500.0
2023-10-30,51.053253173828125,51.1193962836318,51.03435462752292,51.1193962836318,1646500.0
2023-10-31,51.109954833984375,51.12885338251602,51.02491316785677,51.07215773692109,1183800.0
2023-11-01,51.26901626586914,51.26901626586914,51.05124995902615,51.05124995902615,404600.0
2023-11-02,51.67613220214844,51.67613220214844,51.53411134429218,51.53411134429218,754800.0
2023-11-03,52.00751495361328,52.12112948501219,51.960175866508806,52.01698132633784,528000.0
2023-11-06,51.96017456054688,51.96964093303351,51.81815369106215,51.8938991179182,630900.0
2023-11-07,52.30102157592773,52.31048794838143,52.13059797783538,52.18740343603901,390800.0
2023-11-08,52.40516662597656,52.43357296709344,52.28208572418624,52.28208572418624,340800.0
2023-11-09,52.28208923339844,52.509318307140646,52.20634380099037,52.509318307140646,400600.0
2023-11-10,52.41464614868164,52.49038797804836,52.3957097884046,52.49038797804836,264000.0
2023-11-13,52.50931930541992,52.50931930541992,52.367302034566336,52.44304385667337,301500.0
2023-11-14,52.78388214111328,52.9448357431548,52.78388214111328,52.78388214111328,876500.0
2023-11-15,52.78388214111328,52.85015757862925,52.69867034834411,52.75547941410371,384000.0
2023-11-16,53.0111198425293,53.0111198425293,52.9259080416424,52.96377714401595,420000.0
2023-11-17,53.02058792114258,53.03005429410535,52.878567044514575,52.96377884814319,648300.0
2023-11-20,53.17207717895508,53.21941626903869,53.03005629696318,53.06792901372649,392600.0
2023-11-21,53.28569030761719,53.28569030761719,53.181542145144256,53.2194148609055,282300.0
2023-11-22,53.2951545715332,53.39930272282649,53.20047279229359,53.39930272282649,181900.0
2023-11-24,53.36143493652344,53.36143493652344,53.20994768749799,53.26675314854446,119200.0
2023-11-27,53.35196685791016,53.4087759327271,53.30462776809989,53.35196685791016,510200.0
2023-11-28,53.493988037109375,53.53186075386501,53.370903513524105,53.45611532035374,266100.0
2023-11-29,53.872703552246094,53.891636297326365,53.69280996831664,53.71174632513768,319700.0
2023-11-30,53.86324691772461,53.89164965412528,53.76856872189464,53.87271690435261,262600.0
2023-12-01,54.0624885559082,54.09095132662526,53.72092082980065,53.90119469601059,305500.0
2023-12-04,54.00555038452149,54.05299315363527,53.89169570127368,54.00555038452149,368700.0
2023-12-05,54.0624885559082,54.23327241896198,54.0624885559082,54.08146494284481,290400.0
2023-12-06,54.29020690917969,54.29020690917969,54.12890941407255,54.12890941407255,209100.0
2023-12-07,54.29969024658203,54.37559579751993,54.17634553599589,54.27122747466826,346600.0
2023-12-08,54.14787673950195,54.24275504824213,54.11941397075499,54.233268665118295,324400.0
2023-12-11,54.13838958740234,54.23326789479488,54.12889958503784,54.18582874109861,425300.0
2023-12-12,54.25224304199219,54.28070580968528,54.19531388723066,54.24275303984426,296400.0
2023-12-13,54.47996139526367,54.5179141713556,54.20481281703704,54.29020475355591,387400.0
2023-12-14,54.82511138916016,54.84412851242809,54.663471282100765,54.701501901491255,306600.0
2023-12-15,54.80609130859375,54.8821597975609,54.77756743880367,54.87264942286741,192900.0
2023-12-18,54.81560516357422,54.834618659878,54.75855379322663,54.834618659878,277200.0
2023-12-19,54.81560516357422,54.882163282073705,54.78707766482771,54.78707766482771,165100.0
2023-12-20,55.00576019287109,55.03428768697542,54.85362685717907,54.85362685717907,244500.0
2023-12-21,55.04380416870117,55.09134516442344,54.98675642469264,55.09134516442344,300700.0
2023-12-22,54.99626159667969,55.0247854678664,54.97724447350675,55.01527871985262,142500.0
2023-12-26,55.04380416870117,55.100855539855175,54.99626317297891,55.04380416870117,165100.0
2023-12-27,55.23396682739258,55.23396682739258,55.110357347879045,55.1293744698923,171800.0
2023-12-28,55.100852966308594,55.1483939598104,55.06281872064902,55.12937683698062,277100.0
2023-12-29,55.091346740722656,55.14839811350904,55.03429899508185,55.03429899508185,232800.0
2024-01-02,55.01527404785156,55.11035602849632,54.9962569262936,55.04379791661598,351700.0
2024-01-03,55.17692184448242,55.17692184448242,54.98675785664116,55.07232947488239,174400.0
2024-01-04,55.053314208984375,55.062820957212764,54.95822859097322,54.996262838177685,228100.0
2024-01-05,55.01527404785156,55.11035602849632,54.92018844006175,55.05330829096749,132900.0
2024-01-08,55.091346740722656,55.214956234853695,55.01528187081972,55.01528187081972,128100.0
2024-01-09,55.16741561889648,55.19593949191395,55.11036424571597,55.11036424571597,171000.0
2024-01-10,55.08184051513672,55.14839863711331,55.06282339069404,55.14839863711331,686200.0
2024-01-11,55.18643951416016,55.18643951416016,55.02479575055593,55.05332325421906,197700.0
2024-01-12,55.091346740722656,55.17692198632944,55.062822867902256,55.167415237771166,193900.0
2024-01-16,54.9296989440918,55.10084941137246,54.872647579283225,55.10084941137246,307300.0
2024-01-17,54.76804733276367,54.834605435211095,54.74903384104545,54.834605435211095,193000.0
2024-01-18,54.61592864990234,54.77757238999546,54.60642190149476,54.73003139366649,269200.0
2024-01-19,54.51134490966797,54.68249178672404,54.50183453324239,54.68249178672404,261800.0
2024-01-22,54.66347122192383,54.69199509322164,54.59690947698663,54.66347122192383,378000.0
2024-01-23,54.59690856933594,54.63494281519764,54.51133695686509,54.60641894437403,224400.0
2024-01-24,54.52084732055664,54.653963562755486,54.482813072172526,54.64445681423224,172400.0
2024-01-25,54.66347122192383,54.72051896451945,54.56838560568882,54.644454098676825,182300.0
2024-01-26,54.63494110107422,54.69199246807683,54.59690685640581,54.63494110107422,165200.0
2024-01-29,54.83461380004883,54.8536309218126,54.67297370577445,54.69199082753822,228100.0
2024-01-30,54.86314392089844,54.87265066866257,54.73002768932893,54.80609255287781,149800.0
2024-01-31,55.100852966308594,55.1483939598104,54.948719610815616,54.95822635865785,174900.0
2024-02-01,55.2628288269043,55.32952505368027,55.21518918416028,55.2628288269043,338400.0
2024-02-02,55.015098571777344,55.0436816294856,54.881702488238325,55.024625046122885,208100.0
2024-02-05,54.75783920288086,54.89123164944495,54.70066945377986,54.853118483377614,271800.0
2024-02-06,54.82453536987305,54.94839770745734,54.70066939761718,54.74830903781665,116600.0
2024-02-07,54.78642654418945,54.91029252625835,54.78642654418945,54.80548312871328,230400.0
2024-02-08,54.843597412109375,54.853123887228925,54.76737107246529,54.82454082719836,173100.0
2024-02-09,54.8721809387207,54.89123752379377,54.79595459842846,54.84359787844709,119500.0
2024-02-12,54.94839859008789,55.0055683400485,54.919815532443394,54.94839859008789,134000.0
2024-02-13,54.71020126342773,54.71973137320976,54.633978558531226,54.71973137320976,183500.0
2024-02-14,54.81501007080078,54.8912364095457,54.59586479891698,54.65303455297566,130400.0
2024-02-15,54.96746063232422,54.96746063232422,54.80548511002385,54.84359828044935,297300.0
2024-02-16,54.94839859008789,54.94839859008789,54.83406272483829,54.891232474798905,168300.0
2024-02-20,55.015098571777344,55.015098571777344,54.92934576398093,54.967455296034736,200200.0
2024-02-21,54.99604034423828,55.024623401092015,54.92934412179856,55.01509692703127,115300.0
2024-02-22,54.986515045166016,55.02462821408576,54.91981881689239,54.976988570272,133300.0
2024-02-23,55.015098571777344,55.09132127055658,54.986511879397455,54.99604198841463,214200.0
2024-02-26,54.986515045166016,55.07226785789952,54.94840187624627,55.07226785789952,158700.0
2024-02-27,54.976993560791016,55.05321627087775,54.91029732646305,55.05321627087775,148100.0
2024-02-28,55.09132385253906,55.09132385253906,54.94840128795611,55.0246276249795,131900.0
2024-02-29,55.100852966308594,55.129436024839954,55.062739798485616,55.11037944092847,267800.0
2024-03-01,55.14287567138672,55.16197287212108,54.97097171986984,55.07602089636264,153900.0
2024-03-04,55.056922912597656,55.076020113060416,54.99962038186919,55.00916898210056,173300.0
2024-03-05,55.15242004394531,55.21927117073135,55.085568917159286,55.1142183591781,230600.0
2024-03-06,55.19062805175781,55.23837834163086,55.14287776188476,55.17152720718588,194400.0
2024-03-07,55.295684814453125,55.295684814453125,55.21928143072261,55.22883367524585,270000.0
2024-03-08,55.22882461547852,55.30522434356253,55.22882461547852,55.25747405812086,255900.0
2024-03-11,55.2479248046875,55.30522733618614,55.2479248046875,55.27657789199355,151300.0
2024-03-12,55.19062805175781,55.276580030774745,55.18107580791505,55.23837834163086,170700.0
2024-03-13,55.2479248046875,55.29567873582643,55.238376204327786,55.27657789199355,163100.0
2024-03-14,55.11422729492188,55.228832367804586,55.05692840159429,55.228832367804586,169200.0
2024-03-15,55.11422729492188,55.14288038469944,55.06647700277763,55.14288038469944,303300.0
2024-03-18,55.056922912597656,55.20017377474875,55.00916898210056,55.20017377474875,226800.0
2024-03-19,55.1237678527832,55.16196589253222,55.0855661699212,55.16196589253222,227000.0
2024-03-20,55.08557891845703,55.152430057380506,54.99007833231317,55.12378061016012,152200.0
2024-03-21,55.02826690673828,55.12377111955312,55.02826690673828,55.10467027699015,182900.0
2024-03-22,55.10468292236328,55.152433218171794,55.07602983038694,55.152433218171794,199300.0
2024-03-25,55.02826690673828,55.12377111955312,55.00916606417531,55.12377111955312,337500.0
2024-03-26,54.94232177734375,55.02827375802193,54.91367233148891,55.02827375802193,189800.0
2024-03-27,54.894569396972656,54.94231968595098,54.83726686433055,54.8850207964224,245500.0
2024-03-28,54.95186996459961,54.95186996459961,54.84681714673575,54.91366827753759,184700.0
2024-04-01,54.78915023803711,54.82743477860674,54.693429758205646,54.82743477860674,354600.0
2024-04-02,54.5402717590332,54.70299472256303,54.501983573336496,54.70299472256303,303100.0
2024-04-03,54.482852935791016,54.51157090783703,54.34884790412048,54.38713609927299,314800.0
2024-04-04,54.57856369018555,54.57856369018555,54.4732729979752,54.530705280461554,232400.0
2024-04-05,54.3775634765625,54.50199462827231,54.35841937983105,54.41584801866231,202000.0
2024-04-08,54.39670181274414,54.44456022382308,54.32012543392767,54.38712793971072,191700.0
2024-04-09,54.588138580322266,54.6168565497029,54.5115658484874,54.52113607070567,246600.0
2024-04-10,54.32969665527344,54.34884075032981,54.22440960950757,54.32012643342664,267400.0
2024-04-11,54.27226638793945,54.377557081898985,54.20526388294024,54.22440797742039,234900.0
2024-04-12,54.47328186035156,54.5307141521817,54.40627934556467,54.43499366579814,196400.0
2024-04-15,54.40626907348633,54.42541316714858,54.29140816287536,54.41583929463619,148200.0
2024-04-16,54.3775634765625,54.41584801866231,54.281842992905226,54.38713369924668,387300.0
2024-04-17,54.4924201965332,54.53070838703869,54.31055676867636,54.329697212566295,200200.0
2024-04-18,54.41584777832031,54.46370984561911,54.3584191397427,54.46370984561911,158000.0
2024-04-19,54.47328186035156,54.55942847241516,54.44456754011809,54.55942847241516,247800.0
2024-04-22,54.4924201965332,54.501990418478165,54.45413200602772,54.482846323225424,157600.0
2024-04-23,54.482852935791016,54.55942932609604,54.425424294425504,54.463712489578015,229900.0
2024-04-24,54.454132080078125,54.46370595339892,54.38712957228382,54.46370595339892,140700.0
2024-04-25,54.32012939453125,54.32012939453125,54.2531268838629,54.272270979962855,143800.0
2024-04-26,54.253116607666016,54.39669547553862,54.253116607666016,54.32968932619906,152500.0
2024-04-29,54.3775634765625,54.41584801866231,54.35841937983105,54.39670757329396,160800.0
2024-04-30,54.32012939453125,54.35841758673117,54.28184120233134,54.35841758673117,224600.0
2024-05-01,54.4199104309082,54.477474988286126,54.36234221352536,54.44869270959716,251100.0
2024-05-02,54.4678840637207,54.50626287668209,54.42950525075932,54.42950525075932,299200.0
2024-05-03,54.64059066772461,54.678969484623344,54.5926189766039,54.65978007617398,188600.0
2024-05-06,54.77490234375,54.77490234375,54.650173042794265,54.66936244755705,148700.0
2024-05-07,54.89004135131836,54.91882729173681,54.83247679049174,54.87085194437444,187700.0
2024-05-08,54.870853424072266,54.899639365266985,54.85166401661087,54.85166401661087,133800.0
2024-05-09,54.918827056884766,54.92841993031313,54.85166230286569,54.86125883629919,216400.0
2024-05-10,54.822872161865234,54.85165443802856,54.784493353644415,54.85165443802856,177700.0
2024-05-13,54.822872161865234,54.87084384213897,54.79408988570192,54.86125097008606,114600.0
2024-05-14,54.832481384277344,54.87085654137506,54.832481384277344,54.87085654137506,219700.0
2024-05-15,54.93800735473633,55.00517210209369,54.89003567234229,54.99557556961202,214500.0
2024-05-16,54.89963150024414,54.99557486380088,54.8132810090412,54.99557486380088,227500.0
2024-05-17,54.71733474731445,54.89963226461699,54.68855246984764,54.89963226461699,184800.0
2024-05-20,54.67896270751953,54.80368835697335,54.67896270751953,54.80368835697335,394800.0
2024-05-21,54.621395111083984,54.6885562030944,54.59261283165238,54.64058451737339,169500.0
2024-05-22,54.4678840637207,54.59261337584267,54.4199123775215,54.59261337584267,181200.0
2024-05-23,54.26639938354492,54.43910037740383,54.26639938354492,54.43910037740383,210400.0
2024-05-24,54.26639938354492,54.35274988047438,54.21842403858025,54.35274988047438,271900.0
2024-05-28,54.228023529052734,54.33356343772298,54.228023529052734,54.33356343772298,139200.0
2024-05-29,54.103294372558594,54.27599537634444,54.0841049654707,54.27599537634444,230000.0
2024-05-30,54.09370040893555,54.16086150238717,54.07451100223436,54.09370040893555,166600.0
2024-05-31,54.14167022705078,54.24721013026221,54.103291414973,54.228020724223306,238900.0
2024-06-03,54.24362182617188,54.3013254572145,54.16667875965192,54.16667875965192,250500.0
2024-06-04,54.37826919555664,54.397504962424286,54.30132612808608,54.31094584594359,228600.0
2024-06-05,54.58985137939453,54.61870686205079,54.42635287601327,54.44558864150173,273100.0
2024-06-06,54.69565200805664,54.762975359923786,54.62832865618949,54.62832865618949,212400.0
2024-06-07,54.445587158203125,54.55138203108388,54.445587158203125,54.512910501155055,181300.0
2024-06-10,54.5032958984375,54.5032958984375,54.4071207334381,54.46482803374616,140400.0
2024-06-11,54.560997009277344,54.61870430303902,54.51290943223275,54.52252548010289,163100.0
2024-06-12,54.87838745117188,54.897623217802426,54.81106410238862,54.82068015128022,164200.0
2024-06-13,54.97456741333008,55.04189076798892,54.926479826980575,54.926479826980575,227300.0
2024-06-14,55.07072830200195,55.07072830200195,54.92646558037173,54.92646558037173,111200.0
2024-06-17,54.9553337097168,54.9553337097168,54.88801035252859,54.9553337097168,173500.0
2024-06-18,55.06111907958984,55.06111907958984,54.888000857098206,54.9841760167726,128800.0
2024-06-20,54.92647171020508,54.92647171020508,54.87838413096173,54.92647171020508,119500.0
2024-06-21,54.92647171020508,54.97455928944843,54.897619896428495,54.945707475671846,91100.0
2024-06-24,54.993797302246094,54.993797302246094,54.89762213982918,54.94570972103764,180700.0
2024-06-25,54.96494674682617,54.96494674682617,54.89762339782215,54.92647521343891,183300.0
2024-06-26,54.772586822509766,54.84952621211232,54.772586822509766,54.84952621211232,129000.0
2024-06-27,54.87838745117188,54.87838745117188,54.76297285138857,54.79182833575807,162600.0
2024-06-28,54.70526885986328,54.87838708955014,54.70526885986328,54.87838708955014,142800.0
2024-07-01,54.60984420776367,54.6387626300002,54.56164193427989,54.6387626300002,218700.0
2024-07-02,54.76408004760742,54.80263671683081,54.70623952779676,54.70623952779676,146000.0
2024-07-03,54.96650314331055,54.96650314331055,54.8026235485501,54.841183885825046,106300.0
2024-07-05,54.99542236328125,55.0339827011211,54.96650394855947,54.97614219436132,192600.0
2024-07-08,54.97614669799805,55.00506879240533,54.95686652749869,54.97614669799805,203800.0
2024-07-09,54.99542236328125,55.01470253220117,54.92794361071962,54.97614219436132,139300.0
2024-07-10,54.98579025268555,55.02435059482789,54.95686815742049,54.97614832849165,130000.0
2024-07-11,55.16893768310547,55.23641643258097,55.16893768310547,55.16893768310547,220200.0
2024-07-12,55.27499008178711,55.27499008178711,55.19786939105978,55.20751131605917,167700.0
2024-07-15,55.18822479248047,55.2075049629436,55.10146586405465,55.19786303905378,191600.0
2024-07-16,55.27499008178711,55.31355042715077,55.236429736423446,55.236429736423446,159700.0
2024-07-17,55.29426193237305,55.33282227193317,55.23642142303287,55.28462000882483,177000.0
2024-07-18,55.246070861816406,55.29426945416491,55.23642893695657,55.27498928176213,99100.0
2024-07-19,55.18822479248047,55.22678513340672,55.082185693591526,55.082185693591526,72400.0
2024-07-22,55.18822479248047,55.23642337998003,55.140026204980906,55.217143209516905,157800.0
2024-07-23,55.19786071777344,55.26534315021474,55.19786071777344,55.207502641257776,229200.0
2024-07-24,55.10146713256836,55.32318358202379,55.10146713256836,55.23642465160066,203500.0
2024-07-25,55.149662017822266,55.255701112031744,55.149662017822266,55.255701112031744,141800.0
2024-07-26,55.246070861816406,55.27498928176213,55.226790689413626,55.23642893695657,128200.0
2024-07-29,55.30390167236328,55.30390167236328,55.24606483877732,55.29426342587112,205400.0
2024-07-30,55.28462219238281,55.30390236292437,55.19786326360405,55.30390236292437,207100.0
2024-07-31,55.36175155639648,55.40031190352665,55.25571244044708,55.28463086213615,162200.0
2024-08-01,55.55497360229492,55.55497360229492,55.42937002129646,55.42937002129646,230100.0
2024-08-02,55.84482955932617,55.87381727161088,55.75787379379112,55.82550564635621,284500.0
2024-08-05,55.98975372314453,56.096033395308375,55.93178198769353,56.00907763496153,169900.0
2024-08-06,55.93177795410156,55.98008588733062,55.825498289602216,55.98008588733062,4311500.0
2024-08-07,55.6612548828125,55.88347434137376,55.61294694584864,55.86415042945635,175900.0
2024-08-08,55.43903350830078,55.60328122543347,55.4197095970512,55.60328122543347,373900.0
2024-08-09,55.56463623046875,55.56463623046875,55.458360241676736,55.56463623046875,279700.0
2024-08-12,55.63227462768555,55.6419347414692,55.48734712131359,55.51633114832415,111900.0
2024-08-13,55.69990158081055,55.72888560527116,55.62260593470322,55.62260593470322,232900.0
2024-08-14,55.77720260620117,55.825510550039645,55.68058671852422,55.68058671852422,263800.0
2024-08-15,55.59362030029297,55.61294421126019,55.55497247835852,55.57429638932575,221900.0
2024-08-16,55.63227462768555,55.6612586546961,55.59362680123174,55.6032869150154,164300.0
2024-08-19,55.63227462768555,55.73855062194411,55.63227462768555,55.6419347414692,164800.0
2024-08-20,55.75786590576172,55.75786590576172,55.65158624229202,55.70955797300068,170600.0
2024-08-21,55.73854446411133,55.78685608467104,55.69023652921079,55.71922055301928,163300.0
2024-08-22,55.62261199951172,55.69990765404696,55.57430405825702,55.69990765404696,162600.0
2024-08-23,55.83516693115234,55.83516693115234,55.65159160903474,55.680579320014,253100.0
2024-08-26,55.8061752319336,55.83516294084122,55.76753109615528,55.83516294084122,209000.0
2024-08-27,55.74820709228516,55.77719111548524,55.69023536022589,55.76753100297158,201900.0
2024-08-28,55.690242767333984,55.72889059384721,55.66125874027887,55.72889059384721,231000.0
2024-08-29,55.73854446411133,55.73854446411133,55.60328077212616,55.699900327586406,199900.0
2024-08-30,55.65159225463867,55.72888790393422,55.641932141306434,55.70956399161034,173500.0
2024-09-03,55.80944442749024,55.85786416704307,55.77070715817224,55.85786416704307,294800.0
2024-09-04,55.906288146972656,55.906288146972656,55.79976249536308,55.79976249536308,327200.0
2024-09-05,55.9256591796875,55.95471028802973,55.86755326881328,55.95471028802973,217800.0
2024-09-06,56.061222076416016,56.09027317757192,55.94501397760357,56.012802343093234,267700.0
2024-09-09,56.04185485839844,56.08059212370969,56.00312128727613,56.04185485839844,176500.0
2024-09-10,56.15807723999024,56.15807723999024,56.032182951092366,56.032182951092366,332000.0
2024-09-11,56.1290168762207,56.177436615094045,56.06122850296016,56.11933440612175,198100.0
2024-09-12,56.09996795654297,56.10965042701901,56.03217958064242,56.09028179187751,182900.0
2024-09-13,56.187129974365234,56.187129974365234,56.12902406376296,56.16776133749781,188300.0
2024-09-16,56.225868225097656,56.225868225097656,56.16776231348572,56.20649958789368,184800.0
2024-09-17,56.187129974365234,56.25491835630634,56.16776133749781,56.19681244570407,170500.0
2024-09-18,56.225868225097656,56.28397044251978,56.07092282165564,56.13871120477465,207100.0
2024-09-19,56.20649719238281,56.20649719238281,56.10965401049035,56.148391283247335,138700.0
2024-09-20,56.20649719238281,56.2452344651398,56.119340175774425,56.12902264686885,130100.0
2024-09-23,56.19679641723633,56.22585121134532,56.09995695470954,56.17742778589323,116500.0
2024-09-24,56.225868225097656,56.225868225097656,56.11934256757068,56.13871120477465,140300.0
2024-09-25,56.167755126953125,56.22586103113055,56.138704021959086,56.22586103113055,132100.0
2024-09-26,56.187129974365234,56.216181082571495,56.13871022929155,56.20649861123266,152800.0
2024-09-27,56.33237838745117,56.34206455111893,56.23553891590784,56.23553891590784,187800.0
2024-09-30,56.27428436279297,56.3420727415655,56.24523325594462,56.33238657648967,192300.0
2024-10-01,56.38979721069336,56.43833304872276,56.36067644848514,56.36067644848514,195200.0
2024-10-02,56.39949798583984,56.40920737442848,56.29272063269213,56.312132003775886,220500.0
2024-10-03,56.39949798583984,56.39949798583984,56.33154707790641,56.34125646649504,236200.0
2024-10-04,56.09858322143555,56.2247756703695,56.06945875371838,56.16653414102995,392400.0
2024-10-07,56.04033660888672,56.07916676285504,55.98209137793424,56.07916676285504,335400.0
2024-10-08,55.991790771484375,56.0403266037558,55.94325493921294,55.991790771484375,179000.0
2024-10-09,55.90443420410156,55.95297004454436,55.85589836365877,55.92384928088813,150300.0
2024-10-10,55.92384719848633,55.98208872363008,55.87531135985083,55.89472643591446,157000.0
2024-10-11,55.95296859741211,55.95296859741211,55.87531199532155,55.914138444843246,163900.0
2024-10-14,55.81706237792969,55.82676806378522,55.71999070718682,55.71999070718682,125800.0
2024-10-15,56.00149917602539,56.02091425048604,55.93354826693652,55.93354826693652,285900.0
2024-10-16,56.09858322143555,56.09858322143555,56.02092291158629,56.05975306651092,236800.0
2024-10-17,56.02091598510742,56.04033106016924,55.95296507391453,55.95296507391453,262700.0
2024-10-18,56.05974960327149,56.07916467953438,55.991798687874926,56.05004391666362,281900.0
2024-10-21,55.81706237792969,55.95296419818845,55.81706237792969,55.94325851233291,174000.0
2024-10-22,55.68115997314453,55.8558919410849,55.65203921283675,55.8558919410849,775400.0
2024-10-23,55.23462677001953,55.564675645701904,55.20550230539811,55.564675645701904,1495900.0
2024-10-24,55.351112365722656,55.351112365722656,55.19579546881793,55.32199160475518,1358400.0
2024-10-25,55.46760177612305,55.56467715575426,55.42877162427056,55.42877162427056,229400.0
2024-10-28,55.48701858520508,55.55496950154585,55.44818843213972,55.44818843213972,416100.0
2024-10-29,55.44818878173828,55.467603858393375,55.30258126139595,55.38023786496908,527500.0
2024-10-30,55.47731399536133,55.535555523063714,55.40936307767703,55.4967253692306,191600.0
2024-10-31,55.50643157958984,55.58408817976032,55.43848066579804,55.50643157958984,204000.0
2024-11-01,55.5278434753418,55.70301046676765,55.50838006382046,55.68354705524632,293900.0
2024-11-04,55.79058837890625,55.79058837890625,55.70300489195876,55.75166155975941,267900.0
2024-11-05,55.84897613525391,55.84897613525391,55.72246582635094,55.751662797492166,705400.0
2024-11-06,55.13857650756836,55.28455022153236,55.07045643098937,55.17750332626086,1236300.0
2024-11-07,55.46944808959961,55.46944808959961,55.34293778259241,55.38186460202014,1665200.0
2024-11-08,55.89762878417969,55.907362344615386,55.6348783364,55.6348783364,1265000.0
2024-11-11,55.868446350097656,55.93656643728115,55.76139943816179,55.76139943816179,726000.0
2024-11-12,55.81005096435547,55.85871134694007,55.67381080255697,55.81978452577879,1124900.0
2024-11-13,55.89762878417969,56.09225915797193,55.8781653755739,55.91709219278547,914700.0
2024-11-14,55.82951354980469,55.936560450283125,55.81005013951171,55.88790378068364,588600.0
2024-11-15,55.90736389160156,55.99494737661827,55.75166033071249,55.75166033071249,425800.0
2024-11-18,55.84897613525391,55.926829775276,55.81978287637856,55.88790295526496,493300.0
2024-11-19,55.9852180480957,55.994951609536535,55.9365613776895,55.94629493913034,396800.0
2024-11-20,55.9852180480957,56.00468145871138,55.887904707283305,55.887904707283305,265600.0
2024-11-21,55.95602035522461,56.02414043084971,55.91709353707721,55.96575020362861,339300.0
2024-11-22,56.0144157409668,56.03387915183294,55.97548891923452,56.0144157409668,293400.0
2024-11-25,56.19931411743164,56.2479707897987,56.07280379946437,56.1798507060316,615400.0
2024-11-26,56.22850799560547,56.22850799560547,56.09226782657577,56.160387911090616,306200.0
2024-11-27,56.33554458618164,56.38420125017192,56.28688792219136,56.296617770083216,268000.0
2024-11-29,56.44260025024414,56.4620636613196,56.39394357868853,56.42313683916868,146900.0
2024-12-02,56.55281066894531,56.70887208924881,56.42600960219943,56.70887208924881,405400.0
2024-12-03,56.52355194091797,56.62108893611351,56.5137960089197,56.57232043851574,357700.0
2024-12-04,56.640602111816406,56.65035804468149,56.4845406731588,56.65035804468149,355500.0
2024-12-05,56.62109756469727,56.640605710868826,56.54306870080946,56.640605710868826,264900.0
2024-12-06,56.65036392211914,56.66986834827649,56.60159169433002,56.66011613519782,341400.0
2024-12-09,56.58207702636719,56.63084924853538,56.5625726024577,56.61134110382773,367300.0
2024-12-10,56.51380157470703,56.55281786494693,56.48454121742622,56.53330971982698,316200.0
2024-12-11,56.396759033203125,56.59183677262696,56.3772508871809,56.58208083921664,368400.0
2024-12-12,56.28946304321289,56.36749562307744,56.17241789421426,56.33823154522913,330200.0
2024-12-13,56.13340759277344,56.19193203391542,56.084639085554414,56.18217609999246,464100.0
2024-12-16,56.16266632080078,56.240695180754464,56.16266632080078,56.240695180754464,575200.0
2024-12-17,56.07487869262695,56.191923837038615,56.01635426002209,56.13339940443376,554600.0
2024-12-18,55.74443817138672,56.01817325583555,55.74443817138672,55.99862021703765,667200.0
2024-12-19,55.500030517578125,55.67600413656483,55.38271601470726,55.67600413656483,1882500.0
2024-12-20,55.74443817138672,55.79331890370104,55.59779224508294,55.59779224508294,797500.0
2024-12-23,55.86175537109375,55.86175537109375,55.6075733131742,55.656454047847845,764300.0
2024-12-24,55.67600631713867,55.822648519130354,55.666227932722656,55.822648519130354,357600.0
2024-12-26,55.83242416381836,55.83242416381836,55.6173444695515,55.69555662359791,1078800.0
2024-12-27,55.80309677124024,55.891079850975096,55.734659271400695,55.81287142586829,660200.0
2024-12-30,56.05728912353516,56.15505060523731,55.82265634634393,55.82265634634393,597900.0
2024-12-31,55.99862289428711,56.37012319048653,55.91063608017043,56.06705666867108,1132500.0
2025-01-02,56.07683563232422,56.20392852721881,55.9888488172989,56.01817651252033,433000.0
2025-01-03,55.96929168701172,56.06705315017922,55.96929168701172,56.047503841034334,283900.0
2025-01-06,56.01816940307617,56.01816940307617,55.92040794517128,55.98884171157682,367200.0
2025-01-07,55.80309677124024,55.97906666007075,55.80309677124024,55.92041127358084,351500.0
2025-01-08,55.68577575683594,55.83242167445417,55.63689502741673,55.82264329095396,340300.0
2025-01-10,55.500030517578125,55.734659523319856,55.46092444016757,55.71511021397538,1058000.0
2025-01-13,55.32405471801758,55.509802984355325,55.23606791199219,55.50002833006835,1581900.0
2025-01-14,55.14808654785156,55.31428552201549,55.089427428259405,55.31428552201549,1604800.0
2025-01-15,55.21652221679688,55.41204889278355,55.20674756121006,55.36316815612717,606200.0
2025-01-16,55.32405471801758,55.39248848610836,55.226293257705215,55.226293257705215,430400.0
2025-01-17,55.50980758666992,55.55869205023977,55.402267733793806,55.402267733793806,378000.0
2025-01-21,55.558685302734375,55.588012993825714,55.50980084510146,55.51957922837225,506400.0
2025-01-22,55.5977897644043,55.67600191610617,55.53913437998855,55.53913437998855,330400.0
2025-01-23,55.470699310302734,55.58801380574209,55.44136788942247,55.58801380574209,426000.0
2025-01-24,55.52935791015625,55.54891094875561,55.460924139738886,55.48047717833824,206000.0
2025-01-27,55.75421142578125,55.78354284792181,55.64667157977423,55.73465838747445,485500.0
2025-01-28,55.715110778808594,55.77376616615826,55.65645166209808,55.715110778808594,251300.0
2025-01-29,55.65645217895508,55.71511129621033,55.56846536775263,55.70533291198735,298200.0
2025-01-30,55.75421142578125,55.78354284792181,55.68577765638783,55.705330694694624,220900.0
2025-01-31,55.68577575683594,55.76398790739515,55.60756733563732,55.68577575683594,316200.0
2025-02-03,55.60935592651367,55.83473260329173,55.60935592651367,55.73674404400525,332400.0
2025-02-04,55.80533218383789,55.8151295437495,55.54075860994085,55.57015442769932,542200.0
2025-02-05,55.92291259765625,56.011103778554485,55.87391832782905,55.87391832782905,292200.0
2025-02-06,55.8347282409668,55.971913708459255,55.8347282409668,55.85432669889767,373000.0
2025-02-07,55.78573226928711,55.883720817939015,55.76613381195202,55.883720817939015,233200.0
2025-02-10,55.8347282409668,55.90332097471303,55.8347282409668,55.85432669889767,959700.0
2025-02-11,55.77593231201172,55.83472768521912,55.766134952155625,55.83472768521912,208900.0
2025-02-12,55.52115631103516,55.609347496232935,55.48195939805318,55.609347496232935,484400.0
2025-02-13,55.69753646850586,55.80532610591203,55.59954792796746,55.59954792796746,289600.0
2025-02-14,55.74653244018555,55.87392053719199,55.74653244018555,55.805327809116974,256600.0
2025-02-18,55.67794418334961,55.77593273474768,55.56035717406721,55.56035717406721,236600.0
2025-02-19,55.73674392700195,55.78573820654235,55.59955844907928,55.59955844907928,451100.0
2025-02-20,55.795528411865234,55.84452642314591,55.73673677916593,55.73673677916593,348300.0
2025-02-21,55.96211624145508,56.02090787711159,55.79553121837316,55.79553121837316,306400.0
2025-02-24,55.91312026977539,56.02090617788417,55.90331917211417,55.90331917211417,262900.0
2025-02-25,56.19728469848633,56.22668425142865,56.10909351570589,56.16788888356727,516300.0
2025-02-26,56.27568817138672,56.34428090997434,56.13850269421148,56.15810115352564,157200.0
2025-02-27,56.20708847045898,56.20708847045898,56.10909618602642,56.1188972834814,207200.0
2025-02-28,56.30508041381836,56.31488151186465,56.22669031956638,56.26588349768054,225500.0
2025-03-03,56.24908447265625,56.30802653367012,56.18032060848151,56.18032060848151,284200.0
2025-03-04,56.10173416137695,56.29820394800953,56.042792101182336,56.25890924121311,249500.0
2025-03-05,56.06243133544922,56.20978459092088,56.00348928379077,56.1311951887096,289600.0
2025-03-06,55.89544296264648,56.09190900330362,55.87579560911087,56.08208720021057,283300.0
2025-03-07,55.9052619934082,56.06243706654935,55.81685078055698,56.06243706654935,211900.0
2025-03-10,55.96420669555664,56.08208706914534,55.96420669555664,56.04279236216594,250200.0
2025-03-11,55.82667541503906,56.04278879497087,55.80702806279994,56.01331964028682,410000.0
2025-03-12,55.65967559814453,55.826676220913136,55.57126438546688,55.71861765571275,607900.0
2025-03-13,55.581092834472656,55.61056199111919,55.42391400609242,55.56144548092513,510700.0
2025-03-14,55.55161666870117,55.59091137348899,55.512321963913344,55.53196931630725,435700.0
2025-03-17,55.600730895996094,55.6596729507608,55.53196703911184,55.63020379705302,307500.0
2025-03-18,55.590911865234375,55.6498539229375,55.54179535748977,55.54179535748977,208900.0
2025-03-19,55.571266174316406,55.60073533037446,55.404269293521466,55.55161882116121,356600.0
2025-03-20,55.600730895996094,55.757905961352826,55.600730895996094,55.74808415923329,261900.0
2025-03-21,55.54179763793945,55.69897271758513,55.51232473420312,55.67932536421073,346900.0
2025-03-24,55.45338439941406,55.59091212067062,55.35514763612413,55.531970062696665,564800.0
2025-03-25,55.345333099365234,55.45339167949573,55.345333099365234,55.433744324258384,476500.0
2025-03-26,55.08009338378906,55.31585787343,55.08009338378906,55.30603232321401,1117700.0
2025-03-27,54.94256591796875,54.99168242723136,54.88362385844394,54.99168242723136,1625400.0
2025-03-28,55.14885711669922,55.19797362561576,55.05062409886615,55.05062409886615,373600.0
2025-03-31,55.2863883972168,55.2863883972168,55.13903886098809,55.24709743596561,405400.0
2025-04-01,55.41835784912109,55.52669360775789,55.359264592511366,55.359264592511366,234400.0
2025-04-02,55.34941864013672,55.53654165415813,55.34941864013672,55.48729915120114,403300.0
2025-04-03,55.62517929077149,55.78275755335874,55.55623903569969,55.75321280317429,326100.0
2025-04-04,55.84185028076172,56.11761129843197,55.64487651515636,56.11761129843197,1277600.0
2025-04-07,54.45318984985352,55.6547226634822,54.45318984985352,55.6547226634822,1082200.0
2025-04-08,53.69484329223633,54.52213008937425,53.67514554028519,54.43349208407511,2862400.0
2025-04-09,54.21682357788086,54.37440184527146,52.7986191713654,53.20241371636397,6209300.0
2025-04-10,54.2562141418457,55.01456065863696,53.9706023841655,54.492583399882186,1233200.0
2025-04-11,53.85242462158203,53.90166712578672,53.19256304296008,53.832726868507706,884000.0
2025-04-14,54.29560852050781,54.43348901944105,54.216817517139205,54.32515326829012,1292100.0
2025-04-15,54.37440490722656,54.44334516828201,54.25622213926901,54.30546464617112,543000.0
2025-04-16,54.45318984985352,54.699406113862295,54.33500333811663,54.38424959648802,1067100.0
2025-04-17,54.36454772949219,54.50242822578653,54.32515222856188,54.43348797763936,451600.0
2025-04-21,54.069091796875,54.40394605826442,53.980453793655386,54.394095304038935,533500.0
2025-04-22,54.08879089355469,54.19712665848254,53.87212312066128,54.157734908750655,532400.0
2025-04-23,54.2562141418457,54.64031089881332,54.17742313684624,54.492583399882186,591900.0
2025-04-24,54.45318984985352,54.53197710071606,54.30545858866343,54.36455184453187,484300.0
2025-04-25,54.56152725219727,54.66001225798536,54.502433994547125,54.62061675288526,475100.0
2025-04-28,54.75849533081055,54.82743558382106,54.51227906806956,54.53197681992428,1970400.0
2025-04-29,54.86682891845703,54.96531767383704,54.70925066681089,54.70925066681089,970600.0
2025-04-30,55.093353271484375,55.093353271484375,54.80774524295451,54.86683474549615,278400.0
2025-05-01,54.96598434448242,55.13383644936432,54.896869879665125,55.08446951255994,444500.0
2025-05-02,54.95610809326172,54.98572749969766,54.85737422750488,54.86724610749834,650000.0
2025-05-05,54.80801010131836,54.89687209773899,54.71914810489773,54.85738080657338,455000.0
2025-05-06,55.02522277832031,55.07458971140126,54.79813187298352,54.8376269260305,299200.0
2025-05-07,55.04497528076172,55.10421786568756,54.96598516752726,54.96598516752726,386700.0
2025-05-08,54.94623565673828,55.09433645387348,54.94623565673828,55.064717047737545,305000.0
2025-05-09,55.05484771728516,55.143709712342734,54.98573325073548,55.0351039552332,382000.0
2025-05-12,54.93636703491211,55.05484844106118,54.83763315753056,54.97586209244713,877500.0
2025-05-13,55.04497528076172,55.05484716168807,54.90674634905732,54.99560834321814,531300.0
2025-05-14,54.83762741088867,55.04497079153525,54.83762741088867,55.00547573813906,450900.0
2025-05-15,55.10421752929688,55.19307952291522,54.92649354206019,54.95611295111434,637100.0
2025-05-16,55.11408996582031,55.15358502259463,54.90674656743905,55.09434243743316,381000.0
2025-05-19,55.06471633911133,55.24244030655085,54.80800226771848,54.85737296591704,472800.0
2025-05-20,54.94623565673828,55.10421210022247,54.89686495790437,54.94623565673828,312600.0
2025-05-21,54.64015579223633,54.90674175240085,54.64015579223633,54.85737481899015,339600.0
2025-05-22,54.69940185546875,54.758640672751696,54.551297279349725,54.6599067996429,464800.0
2025-05-23,54.768516540527344,54.83763100527304,54.69940207578164,54.808007830056425,603900.0
2025-05-27,54.98573303222656,55.02522808908541,54.827756571247086,54.84750409967651,348500.0
2025-05-28,54.97585678100586,54.98572866120785,54.84749973964613,54.94623737394424,340000.0
2025-05-29,54.97585678100586,55.06471876864634,54.93636172728662,54.96598113434823,364200.0
2025-05-30,54.96598434448242,54.98573187249534,54.87712611810805,54.9758599917168,304400.0
2025-06-02,54.76604461669922,54.95410666121583,54.71655122662305,54.94420647287438,607600.0
2025-06-03,54.75614547729492,54.835331882281295,54.70665586208624,54.8056350925036,990900.0
2025-06-04,54.81553649902344,54.95410893501303,54.81553649902344,54.914515731640094,865700.0
2025-06-05,54.75614547729492,54.94420752541415,54.74624906457943,54.92441469998317,640100.0
2025-06-06,54.607669830322266,54.76604263152039,54.597773418155086,54.75614244353781,1041900.0
2025-06-09,54.79573822021485,54.835331422375965,54.68685880217956,54.70665540326012,694600.0
2025-06-10,54.76604461669922,54.87492025774639,54.71655122662305,54.87492025774639,592600.0
2025-06-11,54.835330963134766,54.89471699006352,54.77594116039048,54.835330963134766,595200.0
2025-06-12,54.99369812011719,55.013494720357166,54.92441190718498,54.97390151987722,533100.0
2025-06-13,54.84523010253906,54.94420933621849,54.82543350064003,54.94420933621849,578400.0
2025-06-16,54.86502456665039,54.93431078268944,54.84522796552272,54.88482116777806,497400.0
2025-06-17,54.97390365600586,54.99370025701508,54.924414041390605,54.97390365600586,454800.0
2025-06-18,54.89471435546875,55.04318696729597,54.865021343429454,55.02339036733132,347700.0
2025-06-20,54.98380279541016,55.00359939740114,54.90462016326197,54.98380279541016,342400.0
2025-06-23,55.00359725952149,55.122373091035065,54.98380065829995,54.98380065829995,540400.0
2025-06-24,55.0728874206543,55.12237703934517,55.03329421537524,55.03329421537524,377500.0
2025-06-25,55.0728874206543,55.112480625933344,55.0135013885516,55.112480625933344,358400.0
2025-06-26,55.0728874206543,55.13227722857287,55.04319440460294,55.082787609882,293100.0
2025-06-27,55.0728874206543,55.12237703934517,55.0135013885516,55.0728874206543,391600.0
2025-06-30,55.17186737060547,55.26095018962934,55.11247756598433,55.26095018962934,622200.0
2025-07-01,55.193695068359375,55.24331108232856,55.14407905439019,55.20362054242874,484800.0
2025-07-02,55.21354293823242,55.22346841242892,55.13415807195678,55.14407976069401,477300.0
2025-07-03,55.1639289855957,55.21354500205498,55.15400729648761,55.1738506747038,317900.0
2025-07-07,55.18377304077149,55.19369472932069,55.13415702710708,55.16392587821388,636400.0
2025-07-08,55.14407730102539,55.183771625122304,55.10438297692848,55.17384615136853,494000.0
2025-07-09,55.22346878051758,55.23339046932094,55.14408012825351,55.20362161745156,380200.0
2025-07-10,55.21354293823242,55.25323726409987,55.19369577529869,55.21354293823242,460700.0
2025-07-11,55.09446334838867,55.16392652542566,55.03492186001729,55.15400483676005,577100.0
2025-07-14,55.08454132080078,55.14408281289756,55.01507813941761,55.08454132080078,659700.0
2025-07-15,54.965457916259766,55.15400406740945,54.92576359123255,55.134156904895846,764500.0
2025-07-16,54.85630416870117,54.98530884113717,54.836457004829526,54.96546167726552,484200.0
2025-07-17,54.7570686340332,54.89599498679336,54.70745262025589,54.89599498679336,1203500.0
2025-07-18,54.73722457885742,54.81661323377537,54.7074557259929,54.80668775918092,1304200.0
2025-07-21,54.846378326416016,54.99522636599313,54.83645285250204,54.89599433960839,599700.0
2025-07-22,54.85630416870117,54.89599849644447,54.836457004829526,54.84638247949507,1010800.0
2025-07-23,54.82653045654297,54.88607194288096,54.75706728187819,54.8662247807683,708500.0
2025-07-24,54.846378326416016,54.846378326416016,54.76698967694089,54.79676231322364,707900.0
2025-07-25,54.87614822387695,54.89599538662428,54.81661052109423,54.86622653523291,509000.0
2025-07-28,54.88607406616211,54.90592122904257,54.82653257752074,54.876148591992255,772500.0
2025-07-29,55.05477142333984,55.0746185869957,54.905923374110095,54.92576675230654,554100.0
2025-07-30,54.93568801879883,55.04484551781484,54.89599369452771,55.005151193543725,362700.0
2025-07-31,55.01507568359375,55.04484832104285,54.97538514276046,55.034922846740045,563800.0
2025-08-01,55.367279052734375,55.367279052734375,55.24788596423622,55.287683660402266,749400.0
2025-08-04,55.34738159179688,55.397126815592586,55.29763636800117,55.38717549364306,669500.0
2025-08-05,55.367279052734375,55.39712542720032,55.317530034868206,55.32748135656832,573400.0
2025-08-06,55.317527770996094,55.34737793955762,55.20808980399401,55.32747909228895,674400.0
2025-08-07,55.35732650756836,55.41702305049808,55.32748013376207,55.36727782904854,669100.0
2025-08-08,55.32748031616211,55.33742784235796,55.277735094548575,55.33742784235796,564900.0
2025-08-11,55.39712524414063,55.417024092157895,55.357327548106085,55.39712524414063,696500.0
2025-08-12,55.42697143554688,55.43692275718126,55.357327365374914,55.39712506127808,608700.0
2025-08-13,55.47671890258789,55.50656907338172,55.44687252711139,55.48667022462495,525900.0
2025-08-14,55.38717269897461,55.46676808928544,55.38717269897461,55.46676808928544,577200.0
2025-08-15,55.407073974609375,55.42697282305909,55.37722759959343,55.41702529649287,668300.0
2025-08-18,55.417022705078125,55.446869078698384,55.37722501003971,55.426970231179176,630300.0
2025-08-19,55.42697143554688,55.476716657767255,55.38717373964371,55.456821605132845,835700.0
2025-08-20,55.417022705078125,55.47671545231864,55.36727748393866,55.47671545231864,700000.0
2025-08-21,55.34738159179688,55.40707434222481,55.31753142126562,55.377227967010846,655500.0
2025-08-22,55.54636764526367,55.56626269901629,55.37722932582729,55.41702702396731,843700.0
2025-08-25,55.53641128540039,55.54636260669141,55.46676721763141,55.48666606489642,939300.0
2025-08-26,55.55631256103516,55.55631256103516,55.49661601663082,55.5165148647656,638300.0
2025-08-27,55.54636764526367,55.55631517213998,55.46677224898363,55.52646879619366,543000.0
2025-08-28,55.526466369628906,55.57621159247131,55.506567521428494,55.54636521782931,1603200.0
2025-08-29,55.526466369628906,55.556312744270905,55.49661619966968,55.526466369628906,554600.0
2025-09-02,55.4396858215332,55.53943184177908,55.41973585647067,55.52945495671443,1001000.0
2025-09-03,55.63917922973633,55.66910608059916,55.47958331037971,55.47958331037971,789400.0
2025-09-04,55.758880615234375,55.758880615234375,55.66910767021616,55.70900379739439,557500.0
2025-09-05,56.07807159423828,56.07807159423828,55.9583717993572,55.99827173098423,808000.0
2025-09-08,56.39726257324219,56.40723565346272,56.13791682670601,56.13791682670601,629100.0
2025-09-09,56.38728713989258,56.50698693602232,56.317464161350365,56.36733717387095,478200.0
2025-09-10,56.60673141479492,56.63665446047651,56.43716241584348,56.44713549604839,408600.0
2025-09-11,56.76632690429688,56.81619991507801,56.65660399753829,56.68653084806042,606200.0
2025-09-12,56.75635528564453,56.78627833187037,56.67655542228641,56.69650538812594,362800.0
2025-09-15,56.86607360839844,56.896000459279776,56.82617748233477,56.82617748233477,738700.0
2025-09-16,56.94587326049805,56.94587326049805,56.85610031831908,56.91595021479401,373200.0
2025-09-17,56.94587326049805,57.16531907583927,56.88602336402312,56.94587326049805,366500.0
2025-09-18,56.98577499389648,56.98577499389648,56.84612903610494,56.87605208275542,314600.0
2025-09-19,56.9359016418457,56.98577465432164,56.896001709838174,56.92592475631034,537900.0
2025-09-22,56.91595077514648,56.94587382114513,56.89600080945843,56.93590074083454,255700.0
2025-09-23,56.87604904174805,56.95584509690517,56.85609907669207,56.93589893691597,400900.0
2025-09-24,56.83615112304688,56.86607416915642,56.786278111175335,56.86607416915642,246900.0
2025-09-25,56.76632690429688,56.79624994975219,56.71645389351573,56.79624994975219,249700.0
2025-09-26,56.716453552246094,56.77629964279663,56.67655362183454,56.73640351745188,335100.0
2025-09-29,56.79624938964844,56.8361493199066,56.726426414230055,56.73640329932798,235500.0
2025-09-30,56.89599990844727,56.89599990844727,56.75635395590921,56.78627700143399,315600.0
2025-10-01,56.959999084472656,56.97999954223633,56.91999816894531,56.93999862670898,290300.0
2025-10-02,56.970001220703125,56.97999954223633,56.88999938964844,56.91999816894531,342700.0
2025-10-03,57.0099983215332,57.02000045776367,56.95000076293945,56.959999084472656,384400.0
2025-10-06,57.02000045776367,57.02000045776367,56.91999816894531,56.95000076293945,290600.0
2025-10-07,57.040000915527344,57.09999847412109,56.97999954223633,57.0099983215332,351400.0
2025-10-08,57.02999877929688,57.09999847412109,57.02999877929688,57.09000015258789,278600.0
2025-10-09,57.060001373291016,57.09000015258789,57.0099983215332,57.09000015258789,295300.0
2025-10-10,57.20000076293945,57.22999954223633,57.119998931884766,57.18999862670898,431100.0
2025-10-13,57.36000061035156,57.36000061035156,57.22999954223633,57.2599983215332,256400.0
2025-10-14,57.22999954223633,57.2599983215332,57.209999084472656,57.22999954223633,310600.0
2025-10-15,57.34000015258789,57.34999847412109,57.25,57.25,337600.0
2025-10-16,57.4900016784668,57.5,57.31999969482422,57.31999969482422,331000.0
