Date,Open,High,Low,Close,Volume
2020-01-02,42.38506317138672,42.393868063977365,42.23535312243504,42.27938430411595,216900.0
2020-01-03,42.21774291992188,42.279387250443726,42.11206740465072,42.11206740465072,129900.0
2020-01-06,42.27058792114258,42.27058792114258,42.0504286090533,42.094459799598255,250400.0
2020-01-07,42.19132995605469,42.252974293991606,42.138490512381125,42.252974293991606,144700.0
2020-01-08,42.20012664794922,42.31461040730768,42.16490371837753,42.208934899865,93400.0
2020-01-09,42.34983825683594,42.39386943994596,42.27938567636876,42.30580707372592,127200.0
2020-01-10,42.38506317138672,42.48193378670301,42.34103198970581,42.46432064215788,215600.0
2020-01-13,42.499542236328125,42.52596363199744,42.36744869543647,42.39386673174206,92600.0
2020-01-14,42.54358673095703,42.55239162533128,42.47313413850498,42.490747286618,89300.0
2020-01-15,42.50835418701172,42.62283795323765,42.50835418701172,42.55238537114046,84900.0
2020-01-16,42.67567443847656,42.72851387555466,42.65806129278386,42.68448269100494,95700.0
2020-01-17,42.80777359008789,42.80777359008789,42.73732100363282,42.79896533709889,77800.0
2020-01-21,42.68447494506836,42.79895533225013,42.63163551757901,42.76373240662067,158900.0
2020-01-22,42.68447494506836,42.83418161724303,42.68447494506836,42.75492415569072,103900.0
2020-01-23,42.68447494506836,42.74611926412422,42.54357316446019,42.60521748351605,113500.0
2020-01-24,42.499542236328125,42.82538036112773,42.464319307708585,42.82538036112773,281400.0
2020-01-27,42.06803894042969,42.19132760944643,42.015199499694965,42.10326523425284,126700.0
2020-01-28,42.30581283569336,42.38507031983168,42.12087982582542,42.147297867416725,90800.0
2020-01-29,42.37625503540039,42.49073879557511,42.34983699819232,42.4467076137737,240900.0
2020-01-30,42.34103012084961,42.34983501305163,42.068031431495534,42.17370693473815,203300.0
2020-01-31,41.95355987548828,42.17371919755475,41.83907608739161,42.1384928997766,100600.0
2020-02-03,42.03279876708984,42.18250878672082,41.97115445293685,41.97115445293685,243700.0
2020-02-04,42.48193359375,42.50835163076579,42.42028590844014,42.43789905290527,99300.0
2020-02-05,42.71971130371094,42.73732445174576,42.578809478796856,42.73732445174576,84600.0
2020-02-06,42.79896545410156,42.84300000043847,42.72851622681812,42.84300000043847,91500.0
2020-02-07,42.64925765991211,42.719706885400655,42.60522647406125,42.71090199197614,88200.0
2020-02-10,42.71971130371094,42.75493759978058,42.53477828839205,42.53477828839205,105400.0
2020-02-11,42.89583587646485,42.992706502961234,42.86060958330902,42.86060958330902,101600.0
2020-02-12,43.05434799194336,43.05434799194336,42.975090517260966,43.010316808089584,56800.0
2020-02-13,42.94868087768555,43.01913011375554,42.8782282822509,42.904649685221216,105300.0
2020-02-14,42.9750862121582,43.00150760731485,42.88702385327245,42.93985992485844,100800.0
2020-02-18,42.842994689941406,42.91344390849248,42.78135036394778,42.78135036394778,154800.0
2020-02-19,42.93987274169922,43.02793848623479,42.90464980324965,42.91345469802088,98700.0
2020-02-20,42.82538604736328,43.00151415130168,42.710902275898704,42.84299919369354,114600.0
2020-02-21,42.71971130371094,42.81658193822022,42.63164892290132,42.7285195574106,222600.0
2020-02-24,41.87428665161133,42.032801572689046,41.70696683907969,41.8126423333437,155200.0
2020-02-25,41.222633361816406,41.95356057641929,41.152180765083024,41.935947427235945,171200.0
2020-02-26,41.1873893737793,41.59248155291808,41.178581123288346,41.36351743060237,155200.0
2020-02-27,40.27153396606445,40.99365611548141,40.27153396606445,40.70304762089357,185000.0
2020-02-28,40.2451171875,40.2451171875,39.426124394472254,39.61986563650239,306400.0
2020-03-02,40.91440200805664,40.93201515453562,40.12183057268778,40.24511923867643,213000.0
2020-03-03,40.58856201171875,42.12087196600672,40.41243392879222,40.98484935846251,335400.0
2020-03-04,41.44278335571289,41.46920139385689,40.87036789392391,41.0376877344425,142300.0
2020-03-05,40.7382698059082,41.07291283662803,40.55333682552246,40.914397893622,198200.0
2020-03-06,40.34199523925781,40.43886251875121,40.01615702503267,40.11302766389071,147400.0
2020-03-09,38.47503662109375,39.22358022874466,37.64723889339375,38.50145802047431,419600.0
2020-03-10,39.29403305053711,39.35567738912504,38.47504014145227,39.35567738912504,255200.0
2020-03-11,37.99949645996094,38.82729421720026,37.84978638934279,38.712810440770426,346700.0
2020-03-12,35.42802810668945,36.44956694997792,34.58261734521563,36.2998602640219,447900.0
2020-03-13,36.64330673217773,36.916302056838965,35.42802671083836,36.73136908993356,527200.0
2020-03-16,34.53858947753906,35.50728898139152,33.314504398527006,34.28320390237946,593100.0
2020-03-17,35.09339141845703,35.45445253960324,34.26559365175616,34.83800918108363,347800.0
2020-03-18,33.86930465698242,34.4064938666744,32.41625534617532,33.666758511574066,410900.0
2020-03-19,33.78124237060547,34.27439703569424,33.067925053705245,33.50824363859976,389800.0
2020-03-20,33.43779754638672,34.52098096364248,33.29689572038673,34.1246935282161,584400.0
2020-03-23,33.1735954284668,33.842881454948866,32.812534379225895,33.314500578769284,927800.0
2020-03-24,34.7851676940918,35.05816642207476,34.05423724144267,34.05423724144267,486300.0
2020-03-25,35.498477935791016,36.15014742089703,34.82919194856683,34.92606255403587,257000.0
2020-03-26,36.67853927612305,37.00437408664104,35.70103148520487,35.72744952516563,566800.0
2020-03-27,36.19418716430664,36.63450575929511,35.877160597780936,36.1325428297574,314800.0
2020-03-30,36.74898147583008,36.81062579686117,36.1941792271867,36.26463179942998,238200.0
2020-03-31,36.44075775146485,36.89868936632451,36.370305183318735,36.5904644197303,252700.0
2020-04-01,35.62176513671875,36.044470467665015,35.48086335973667,35.718635738274564,163800.0
2020-04-02,36.095970153808594,36.10481909541645,35.54745389500491,35.671312078455834,166300.0
2020-04-03,35.71554946899414,36.051738403986185,35.50322210207059,35.936725778221046,127600.0
2020-04-06,36.99837112426758,37.02491120025515,36.29945320761323,36.45870041330365,211200.0
2020-04-07,36.93644332885742,37.67075028923106,36.93644332885742,37.53804315486296,209900.0
2020-04-08,37.49380874633789,37.599972429406726,36.97183252349905,37.19300883190733,218000.0
2020-04-09,38.07771682739258,38.25465856192966,37.85654050294195,37.927315171827054,405900.0
2020-04-13,37.8211555480957,38.02463738348544,37.56459017417173,38.02463738348544,335100.0
2020-04-14,38.38736343383789,38.42275245673796,38.1219525118533,38.1661871030369,174400.0
2020-04-15,37.78575897216797,38.006935276207656,37.67959529119604,37.918466104544805,239200.0
2020-04-16,37.98922729492188,37.99807623387964,37.71497093509601,37.918452657666656,181500.0
2020-04-17,38.46698760986328,38.502376633280335,38.23696570741851,38.35197497119938,233600.0
2020-04-20,38.10425567626953,38.42275011317796,38.06002108778398,38.16618477512586,253700.0
2020-04-21,37.484962463378906,37.90962060066358,37.43188230552012,37.90962060066358,210300.0
2020-04-22,38.01578521728516,38.07771431405304,37.83884349442721,37.95385612051727,160900.0
2020-04-23,38.06000900268555,38.38734890339856,37.92730190448426,38.15732709138226,239700.0
2020-04-24,38.26350021362305,38.33427825014677,37.945005799031335,38.10425300632719,442200.0
2020-04-27,38.59968948364258,38.63507512733937,38.37851317984545,38.44044227491804,358800.0
2020-04-28,38.66162109375,39.08627921967965,38.590843051986994,38.95357207881542,154000.0
2020-04-29,39.263214111328125,39.32514319964412,38.98895430958433,39.09511797885713,167000.0
2020-04-30,38.829708099365234,39.077424458888366,38.75893344302246,39.077424458888366,155700.0
2020-05-01,38.18388366699219,38.43160009084228,38.09541447986948,38.396214440923096,186600.0
2020-05-04,38.26350021362305,38.26350021362305,37.96270030816227,38.01578383555506,200400.0
2020-05-05,38.458133697509766,38.69700449142451,38.42274468177078,38.52006278761185,241700.0
2020-05-06,38.26350021362305,38.61738364647662,38.26350021362305,38.56430011908383,161500.0
2020-05-07,38.57314682006836,38.76778305134742,38.493523214079886,38.493523214079886,192000.0
2020-05-08,39.03318786621094,39.05088237310576,38.86509511303333,38.93586976573049,113300.0
2020-05-11,38.90933609008789,39.0331942838336,38.75008887673408,38.812017973606935,184300.0
2020-05-12,38.53776168823242,39.09512356268244,38.53776168823242,39.09512356268244,190400.0
2020-05-13,38.21041870117188,38.643925760533406,38.06886599554248,38.643925760533406,132600.0
2020-05-14,38.36967849731445,38.36967849731445,37.71499828470642,37.90963120946036,83100.0
2020-05-15,38.35196304321289,38.387352055623474,38.10424670610277,38.15733022471865,213500.0
2020-05-18,39.25437545776367,39.32515350574944,38.90049534248409,38.90049534248409,204400.0
2020-05-19,39.03318786621094,39.30744766075746,39.01549335931612,39.14820047358621,86300.0
2020-05-20,39.4843978881836,39.5109379668206,39.28976164515795,39.31630172379496,93200.0
2020-05-21,39.24552536010742,39.52863076961276,39.15705281033532,39.46670167221364,106600.0
2020-05-22,39.23667144775391,39.26321489676474,39.05088417908939,39.15704785048593,99800.0
2020-05-26,39.75865173339844,39.900204434890384,39.69672263742587,39.820580829371,147600.0
2020-05-27,40.0771484375,40.11253745860872,39.67018481939816,39.935595727947934,1402900.0
2020-05-28,40.121376037597656,40.41333034856409,40.03290687511934,40.298317737436506,128600.0
2020-05-29,40.17447280883789,40.27179094458715,39.87367283237805,40.10369813049145,95500.0
2020-06-01,40.50181198120117,40.50181198120117,40.19216644230766,40.20101201132608,118400.0
2020-06-02,40.75837326049805,40.75837326049805,40.5725859558313,40.5725859558313,91700.0
2020-06-03,41.20957946777344,41.26265963225495,40.93531957671354,40.93531957671354,171300.0
2020-06-04,41.023773193359375,41.20956382316184,40.91760952981655,41.11224572538008,119800.0
2020-06-05,41.678466796875,41.8288650763936,41.55460859612255,41.66077228606996,191100.0
2020-06-08,42.02349853515625,42.02349853515625,41.73154418854729,41.73154418854729,174500.0
2020-06-09,41.84656524658203,41.91734329937432,41.59884881157563,41.82887073338396,87200.0
2020-06-10,41.70500946044922,41.9704203892089,41.6342347877254,41.84656218077992,106900.0
2020-06-11,40.23640441894531,41.53692254137021,40.1125461929779,40.93532255105689,217400.0
2020-06-12,40.63451385498047,40.953008296346354,40.21870129265469,40.90877370724172,203800.0
2020-06-15,40.74951934814453,40.873377525893424,39.91789436917527,40.06829599564338,108400.0
2020-06-16,41.21841430664063,41.43959060075763,40.81145073543711,41.34227249136496,152500.0
2020-06-17,41.17417526245117,41.37765702601002,41.07685716360084,41.29803343375812,190500.0
2020-06-18,41.14764404296875,41.15649298633864,40.99724575451128,41.05032929008142,207900.0
2020-06-19,41.03263854980469,41.41306215248358,40.88223687263976,41.32458958506793,132600.0
2020-06-22,41.24495315551758,41.25380209695328,40.953002210903406,40.953002210903406,119500.0
2020-06-23,41.35996627807617,41.55460249346476,41.30688275345682,41.47497889397692,99500.0
2020-06-24,40.74066925048828,41.18302180125337,40.51949297510573,41.13878722115329,309100.0
2020-06-25,40.9353141784668,40.97070320004316,40.53719612293984,40.6522087556216,71800.0
2020-06-26,40.54604721069336,40.95301085570168,40.44872908365158,40.87338724038413,212900.0
2020-06-29,40.81144714355469,40.82029270959259,40.42217474024452,40.607965375861696,1485700.0
2020-06-30,41.04147338867188,41.0945569152424,40.73182792088336,40.77606250558422,95700.0
2020-07-01,41.1034049987793,41.236112135889336,40.99724131402088,41.00608688154962,92000.0
2020-07-02,41.40975189208984,41.659099848665576,41.31179279568905,41.47208888123377,287700.0
2020-07-06,41.88173294067383,41.90845121968308,41.72143685506282,41.757058962334405,139200.0
2020-07-07,41.60566711425781,41.837204000673445,41.525519077208,41.74815213600071,151100.0
2020-07-08,41.837196350097656,41.85500739919736,41.5878484569224,41.66799647931592,135500.0
2020-07-09,41.676902770996094,41.8817247520949,41.40974381291551,41.8817247520949,88700.0
2020-07-10,41.8995361328125,41.8995361328125,41.56113297144836,41.650188222918125,113500.0
2020-07-13,41.60566711425781,42.19341825358614,41.57894883716729,42.00640390239599,158400.0
2020-07-14,42.02421569824219,42.02421569824219,41.4364645485154,41.52551981187458,117100.0
2020-07-15,42.30028533935547,42.37152955580356,42.122178195346464,42.35371850169154,74300.0
2020-07-16,42.15779113769531,42.19341323817447,42.04202100969332,42.14888731113077,88100.0
2020-07-17,42.28246688842773,42.29137411248114,42.10435977557646,42.29137411248114,118500.0
2020-07-20,42.48728942871094,42.49619665287954,42.23794150576067,42.35371164017787,99700.0
2020-07-21,42.62086486816406,42.74553881283052,42.55852789583084,42.61195764519634,175200.0
2020-07-22,42.74554443359375,42.74554443359375,42.58524837019892,42.594155594337884,75600.0
2020-07-23,42.42495346069336,42.781167699506014,42.38042753011947,42.72773454455089,89000.0
2020-07-24,42.26466369628906,42.38043385073574,42.211233930476176,42.38043385073574,118100.0
2020-07-27,42.611961364746094,42.611961364746094,42.398235554407776,42.460572532182326,134000.0
2020-07-28,42.44276428222656,42.59415652188987,42.407142179116285,42.576345470334736,56200.0
2020-07-29,42.72774124145508,42.82570034233765,42.54073026546723,42.55854131991054,97300.0
2020-07-30,42.58524703979492,42.620869141016605,42.21122516829889,42.39823610404691,149500.0
2020-07-31,42.48728942871094,42.58524851190158,42.14888964673863,42.58524851190158,86900.0
2020-08-03,42.81679534912109,42.81679534912109,42.54963293684911,42.54963293684911,91500.0
2020-08-04,42.994895935058594,42.994895935058594,42.76335904482977,42.78117009747982,58400.0
2020-08-05,43.10176849365234,43.21753525697849,43.03943149890397,43.03943149890397,121900.0
2020-08-06,43.29766845703125,43.29766845703125,43.05722438956271,43.1195613629312,82800.0
2020-08-07,43.14629364013672,43.21753446263483,43.03052348182701,43.21753446263483,77800.0
2020-08-10,43.27096176147461,43.28877281396249,43.10176185850611,43.17300267134672,83200.0
2020-08-11,43.13737869262695,43.49359293268998,43.05723065846831,43.45797082926152,96000.0
2020-08-12,43.555931091308594,43.59155319569898,43.39563501866271,43.39563501866271,91400.0
2020-08-13,43.4134521484375,43.53812613414648,43.28877816272852,43.47578914129199,64900.0
2020-08-14,43.33329772949219,43.38673088570162,43.24424586625396,43.27986457328275,64000.0
2020-08-17,43.48469161987305,43.52921755317793,43.43125846164062,43.45797334220136,82500.0
2020-08-18,43.555931091308594,43.59155319569898,43.37782396646752,43.50249793472301,69200.0
2020-08-19,43.34220123291016,43.6538895461352,43.34220123291016,43.6538895461352,71400.0
2020-08-20,43.4134521484375,43.43126320312612,43.13738589643095,43.14629312233092,71400.0
2020-08-21,43.44015884399414,43.44015884399414,43.23533684934841,43.36001081155793,85400.0
2020-08-24,43.68951034545898,43.71622522401085,43.46687729856488,43.58264403703011,117900.0
2020-08-25,43.742950439453125,43.787476379931725,43.6004653916547,43.742950439453125,176300.0
2020-08-26,44.00118637084961,44.00118637084961,43.76074232108311,43.81417546451233,53300.0
2020-08-27,43.84090423583984,44.03682242674575,43.73404131221439,44.02791520146216,79200.0
2020-08-28,44.06352996826172,44.09024484544014,43.903233910970144,43.91214113476997,83600.0
2020-08-31,43.9566764831543,44.07244663758998,43.87652843733133,44.06353941188117,125800.0
2020-09-01,44.18821334838867,44.18821334838867,43.92105432829714,43.97448749115994,109300.0
2020-09-02,44.580039978027344,44.58894380466409,44.214921937931386,44.37521799427697,91600.0
2020-09-03,43.67169570922852,44.4197428212731,43.53811453321289,44.39302454780372,142800.0
2020-09-04,43.5737419128418,43.87652300433557,43.07504264534887,43.76075286423508,110900.0
2020-09-08,42.985984802246094,43.45796572737576,42.93255165337637,43.45796572737576,160200.0
2020-09-09,43.50249099731445,43.618261119565744,43.26205032379992,43.36000599958607,458600.0
2020-09-10,43.09285354614258,43.64498257088877,43.03051656256369,43.55593070780773,105200.0
2020-09-11,43.217529296875,43.34220326917803,42.98599240504237,43.26205862736405,83800.0
2020-09-14,43.52920150756836,43.6093495168176,43.42233523049624,43.50248323974547,132100.0
2020-09-15,43.70732116699219,43.83199512905947,43.60045485912536,43.77856197512606,132000.0
2020-09-16,43.644981384277344,43.87652165737026,43.55592952361744,43.74294046926968,165400.0
2020-09-17,43.42234802246094,43.53811815817274,43.2620553538509,43.36001104102628,91600.0
2020-09-18,43.17300033569336,43.564833277895886,43.05723019934074,43.564833277895886,79700.0
2020-09-21,42.69212341308594,42.79008252379036,42.38043842185515,42.76336763800247,111800.0
2020-09-22,42.87913513183594,42.88803896083962,42.51401699467935,42.754457746004434,112700.0
2020-09-23,42.30028533935547,43.19972149078967,42.30028533935547,42.83460337427126,113800.0
2020-09-24,42.38934326171875,42.5852614877971,42.07765826305929,42.26466926225496,96400.0
2020-09-25,42.66540145874024,42.66540145874024,42.16670215828099,42.16670215828099,133800.0
2020-09-28,43.10176849365234,43.10176849365234,42.93256516752554,42.98599833321476,80100.0
2020-09-29,43.03052520751953,43.12848431485542,42.914755044566974,43.10176942998618,108400.0
2020-09-30,43.13737869262695,43.27986370923001,42.941463917991975,42.941463917991975,207500.0
2020-10-01,43.31548309326172,43.33329414385775,43.155187035008005,43.20862018679609,90600.0
2020-10-02,43.06710052490234,43.21899529907518,42.87052760918348,42.87052760918348,176800.0
2020-10-05,43.47810363769531,43.62106479613372,43.27259718546902,43.27259718546902,99300.0
2020-10-06,43.22792434692383,43.71041614739684,43.20111678522981,43.5406508294955,109600.0
2020-10-07,43.585330963134766,43.674683832431455,43.478110928442185,43.51385207616086,62700.0
2020-10-08,43.89805603027344,43.89805603027344,43.71935371993884,43.71935371993884,84200.0
2020-10-09,44.11249542236328,44.11249542236328,43.96060067633024,43.96953425790623,156100.0
2020-10-12,44.38947677612305,44.51456734812981,44.21971148675136,44.24651563547782,80400.0
2020-10-13,44.273319244384766,44.38053924644575,44.14822867390322,44.38053924644575,90900.0
2020-10-14,44.049949645996094,44.353742543215226,44.0320790745758,44.23758553321477,67300.0
2020-10-15,43.97846984863281,43.98740342992456,43.64786939696877,43.772963394293576,105000.0
2020-10-16,44.02314376831055,44.18397549632902,44.0052731975904,44.076755480470986,70100.0
2020-10-19,43.638938903808594,44.12143413081669,43.638938903808594,44.10356355850567,89600.0
2020-10-20,43.8623161315918,44.041018446999054,43.79083384204363,43.85338254962986,79400.0
2020-10-21,43.70148468017578,44.00527759585626,43.69255109815423,43.83551226974133,85600.0
2020-10-22,43.87125015258789,43.88018714310243,43.59426479897478,43.77296711617036,92100.0
2020-10-23,43.97846984863281,43.97846984863281,43.79083055687706,43.915924554201865,62000.0
2020-10-26,43.42449951171875,43.71042187854853,43.21005944082816,43.63000940831216,180000.0
2020-10-27,43.34407043457031,43.50490214299608,43.34407043457031,43.44235685732633,123700.0
2020-10-28,42.44164276123047,42.906267469947984,42.44164276123047,42.906267469947984,254200.0
2020-10-29,42.65608215332031,42.84371805370672,42.4327051075851,42.4327051075851,221000.0
2020-10-30,42.44164276123047,42.61140810522851,42.19146153671471,42.48631749297064,148100.0
2020-11-02,42.74542999267578,42.825845862439685,42.522052955383046,42.78117113667376,135400.0
2020-11-03,43.23685836791992,43.335144808716464,43.004547751143335,43.08496362011659,79500.0
2020-11-04,43.84444427490234,44.05888772880215,43.5049102264206,43.567455523711565,85900.0
2020-11-05,44.3537483215332,44.469905346666366,44.228657713757535,44.23759129640004,107800.0
2020-11-06,44.3180046081543,44.46096578140138,44.24652572576237,44.30907102602902,273500.0
2020-11-09,44.80943298339844,45.44382292210132,44.76475485122429,45.44382292210132,114900.0
2020-11-10,44.82730484008789,44.88091655923292,44.55031947899679,44.66647649957938,174900.0
2020-11-11,45.04174423217773,45.04174423217773,44.86304192632915,44.96132836496902,101800.0
2020-11-12,44.71115493774414,44.97027315574976,44.60393149055753,44.97027315574976,103000.0
2020-11-13,45.13109588623047,45.14003287661425,44.90771884512002,44.97026755241705,126300.0
2020-11-16,45.43488693237305,45.44382392238977,45.27405519670217,45.3455374829839,87000.0
2020-11-17,45.38127136230469,45.4974249462262,45.26511436992072,45.35446380500841,123800.0
2020-11-18,45.20256805419922,45.51529447834641,45.20256805419922,45.49742391004337,109300.0
2020-11-19,45.30086135864258,45.38127722399343,45.0953549046266,45.10428848590429,92400.0
2020-11-20,45.33660125732422,45.47956241308693,45.30086011626784,45.39020956044598,107400.0
2020-11-23,45.417022705078125,45.53317631509972,45.28299511386768,45.45276044206611,122900.0
2020-11-24,45.81016159057617,45.85483631475598,45.57784757130042,45.65826343820926,223800.0
2020-11-25,45.801231384277344,45.81910195828867,45.66720719188761,45.81016837551474,116700.0
2020-11-27,45.97993087768555,45.97993087768555,45.881644430922,45.93525614964665,52600.0
2020-11-30,45.64039993286133,45.82803583453117,45.5242429139148,45.82803583453117,128000.0
2020-12-01,45.97098922729492,46.06927565680864,45.92631450709669,46.0603386676914,168500.0
2020-12-02,46.03353118896485,46.03353118896485,45.81908777567018,45.890570049589215,131400.0
2020-12-03,46.105018615722656,46.212242046511655,46.0424733186606,46.0424733186606,104300.0
2020-12-04,46.33732986450195,46.33732986450195,46.20330228827701,46.20330228827701,486600.0
2020-12-07,46.22117614746094,46.31052900745563,46.1586308496962,46.25691729145881,95100.0
2020-12-08,46.37308120727539,46.37308120727539,46.0871588296626,46.21224944381024,109900.0
2020-12-09,46.167572021484375,46.462431395247535,46.042481405389815,46.462431395247535,89100.0
2020-12-10,46.2658576965332,46.31053583735124,46.01567646857744,46.02461005166289,136000.0
2020-12-11,46.23011016845703,46.23011016845703,46.03353729755716,46.10501617249892,99400.0
2020-12-14,46.15862655639648,46.41774471358538,46.13182240512273,46.38200357291185,87300.0
2020-12-15,46.53390502929688,46.53390502929688,46.16756342400751,46.23904571044339,84000.0
2020-12-16,46.51604461669922,46.6053940857948,46.42669173913988,46.56965293477106,100100.0
2020-12-17,46.784088134765625,46.784088134765625,46.62325639214789,46.62325639214789,124500.0
2020-12-18,46.65898895263672,46.78407952755598,46.51602780866291,46.78407952755598,102900.0
2020-12-21,46.37308120727539,46.45349708900797,46.00674294793003,46.1943788691515,120300.0
2020-12-22,46.30158615112305,46.41774315016828,46.25691143101725,46.38200201069857,120700.0
2020-12-23,46.48029708862305,46.58751711852001,46.39094422332283,46.444555942502966,84400.0
2020-12-24,46.63676834106445,46.67274044690564,46.50187465940444,46.58281018230269,106500.0
2020-12-28,46.78964614868164,46.80763220218019,46.73569141867493,46.79864089067538,122000.0
2020-12-29,46.87957382202149,47.01446407006284,46.798638301001176,47.01446407006284,104800.0
2020-12-30,46.97850036621094,47.05943589579481,46.92454220299198,47.005477732575855,82300.0
2020-12-31,46.94253158569336,47.023467121015685,46.85260130728558,47.01447237793023,97700.0
2021-01-04,46.82562255859375,47.248286278426846,46.57382464745365,47.13137863518784,245500.0
2021-01-05,47.0594367980957,47.14036889874223,46.852598883701766,46.87058493845294,167000.0
2021-01-06,47.22130584716797,47.46411244786263,46.942530566380576,47.01447135705532,109400.0
2021-01-07,47.455116271972656,47.55403785069046,47.30223653291179,47.374180746702535,139100.0
2021-01-08,47.71591567993164,47.74289304869121,47.446128270378274,47.63498014316351,133200.0
2021-01-11,47.46410751342773,47.5630290919996,47.32921725850249,47.40115804169817,243800.0
2021-01-12,47.55403518676758,47.57202123920771,47.347200729439216,47.383169403830735,119700.0
2021-01-13,47.599002838134766,47.69792442011345,47.4910899443803,47.4910899443803,109600.0
2021-01-14,47.679931640625,47.85978872517222,47.643959537617846,47.75187241615075,81500.0
2021-01-15,47.36519241333008,47.545049541653,47.2123160840737,47.545049541653,108700.0
2021-01-19,47.64397048950195,47.760878135904406,47.50008547488714,47.60799837822592,133000.0
2021-01-20,47.97669982910156,48.02166667958587,47.76986535273217,47.80583746092399,129700.0
2021-01-21,47.99468231201172,48.03964572866133,47.87777811482047,48.03964572866133,82900.0
2021-01-22,47.85079956054688,47.92274377494533,47.69792325068361,47.69792325068361,101800.0
2021-01-25,47.90475463867188,47.96770410697523,47.56302650324738,47.93173200209082,193300.0
2021-01-26,47.92275238037109,48.01267923402824,47.83282209622437,47.976707120369554,86700.0
2021-01-27,47.12239074707031,47.53605975414295,47.095409947138094,47.51807369768464,126700.0
2021-01-28,47.41014862060547,47.62597438172994,47.21230548083418,47.23928284335258,76000.0
2021-01-29,46.80763244628906,47.21231007589452,46.67274219007988,47.140365861525126,151500.0
2021-02-01,47.2752571105957,47.31122921592559,46.94252371251618,47.05043659801707,127000.0
2021-02-02,47.66194152832031,47.69791362826264,47.45510709938431,47.45510709938431,98800.0
2021-02-03,47.679931640625,47.75187241615075,47.55403271058851,47.572018762092085,97800.0
2021-02-04,47.868778228759766,47.88676427958442,47.64395773918425,47.71590194248287,82200.0
2021-02-05,47.99468231201172,48.05763178141894,47.90475547871248,48.00367705363492,74400.0
2021-02-08,48.28246307373047,48.28246307373047,48.13857805003753,48.17455016358316,102100.0
2021-02-09,48.33641815185547,48.40836237434428,48.23749656117803,48.32742683928904,111500.0
2021-02-10,48.31842803955078,48.52526251610684,48.1745430371427,48.426340933734586,146000.0
2021-02-11,48.45331573486328,48.543242563808,48.318422060957566,48.471301786749954,143400.0
2021-02-12,48.53425216674805,48.561229529841576,48.37238112720948,48.37238112720948,119200.0
2021-02-16,48.51627349853516,48.723107984872016,48.498287443572494,48.59720903062256,147600.0
2021-02-17,48.48028564453125,48.53424379189622,48.282442534681095,48.43532223697115,90300.0
2021-02-18,48.30044555664063,48.35440372296657,48.07562500934981,48.35440372296657,92000.0
2021-02-19,48.33641815185547,48.49828922196594,48.29145472804464,48.46231711072154,117900.0
2021-02-22,48.039642333984375,48.23748546984884,48.03065102348533,48.1475586429042,125600.0
2021-02-23,48.039642333984375,48.17453600488988,47.52705187332513,47.83280788762087,157500.0
2021-02-24,48.30942535400391,48.30942535400391,47.769854149140805,47.87777044840637,94900.0
2021-02-25,47.455116271972656,48.27346283615324,47.374180746702535,48.219504675810185,108800.0
2021-02-26,47.35619354248047,47.65295827142239,47.15835038985252,47.65295827142239,104900.0
2021-03-01,48.02166366577149,48.09360444715111,47.69792157334107,47.69792157334107,102000.0
2021-03-02,47.85979843139648,48.0486468647507,47.80584026594274,48.0486468647507,112300.0
2021-03-03,47.50907516479492,47.85979463620974,47.50907516479492,47.796845163416776,177700.0
2021-03-04,47.0234603881836,47.634972471842616,46.76266776387543,47.46410668257712,187200.0
2021-03-05,47.48208999633789,47.50007604840655,46.73568770317644,47.32021895820868,111600.0
2021-03-08,47.23929214477539,47.58102033607885,47.22130608939212,47.45512137888529,332900.0
2021-03-09,47.72490310668945,47.86878811250702,47.500082570693934,47.500082570693934,1048500.0
2021-03-10,47.868778228759766,47.99467715404391,47.77885140512493,47.8058287661177,119200.0
2021-03-11,48.2734603881836,48.36338722037286,48.05763118824509,48.14756145092312,245500.0
2021-03-12,48.10260772705078,48.165557208364746,47.94972796493869,48.111599039885874,122300.0
2021-03-15,48.34539794921875,48.3543926901321,48.02165931659719,48.20151296900188,161900.0
2021-03-16,48.33641815185547,48.42634499947714,48.219510505555824,48.3813815756663,159100.0
2021-03-17,48.462310791015625,48.50727420896303,48.05763316851124,48.13856869301211,88400.0
2021-03-18,47.96771240234375,48.318431909397184,47.92274897870678,48.15656083991262,85800.0
2021-03-19,48.02166366577149,48.08461313591197,47.74288499051444,48.00367761280437,94900.0
2021-03-22,48.15655517578125,48.246485442967,47.96770676042456,48.03964754368423,136100.0
2021-03-23,47.76986312866211,48.066627861694286,47.73389445263397,48.066627861694286,75100.0
2021-03-24,47.572025299072266,47.92274477536381,47.572025299072266,47.859795301695534,86200.0
2021-03-25,47.78784942626953,47.84180758632098,47.39216654402565,47.55403759369108,120500.0
2021-03-26,48.2734603881836,48.2734603881836,47.78784726118853,47.88676883488998,504400.0
2021-03-29,48.15655517578125,48.19252728265555,47.940729395513294,48.03065623221012,129900.0
2021-03-30,48.048641204833984,48.14756278126869,47.90475621106227,48.00367778749698,90600.0
2021-03-31,48.16554260253906,48.28244678639218,48.03064893749205,48.05762629830609,204200.0
2021-04-01,48.59720230102539,48.59720230102539,48.36338704937797,48.36338704937797,99700.0
2021-04-05,48.96128463745117,48.96128463745117,48.73598883868743,48.80808170666648,113200.0
2021-04-06,48.9072151184082,48.97930799038235,48.81709473126395,48.8711669635505,107200.0
2021-04-07,48.87116622924805,48.916224703272526,48.78104928119908,48.88017998669767,160000.0
2021-04-08,49.07843780517578,49.07843780517578,48.93424862610743,48.94326238352864,71300.0
2021-04-09,49.19559097290039,49.19559097290039,48.97029517314133,49.04238804143886,91700.0
2021-04-12,49.10547637939453,49.17756925114407,49.00634567271533,49.123497019025976,141800.0
2021-04-13,49.27669906616211,49.28570938581479,49.051403259692,49.10547549083165,111200.0
2021-04-14,49.23163604736328,49.384835531503846,49.15953974583299,49.294718592331854,154700.0
2021-04-15,49.529029846191406,49.60112615521732,49.42088882039378,49.46594729466435,96200.0
2021-04-16,49.709259033203125,49.77234157439036,49.56506987652649,49.68222464062021,106500.0
2021-04-19,49.51100540161133,49.66420833828415,49.46594692767504,49.65519458085217,155900.0
2021-04-20,49.22262954711914,49.4389150458536,49.10547819647347,49.4389150458536,76700.0
2021-04-21,49.51100540161133,49.53804323616606,49.159544492070616,49.16855824950259,56200.0
2021-04-22,49.32175827026367,49.60112631201032,49.24065164122376,49.51100592544306,72700.0
2021-04-23,49.664207458496094,49.77234848157573,49.44792197459567,49.51100452453723,75100.0
2021-04-26,49.78135681152344,49.79036713007226,49.69123643733133,49.69123643733133,123400.0
2021-04-27,49.709259033203125,49.74530718180745,49.63716617373514,49.74530718180745,66100.0
2021-04-28,49.78135681152344,49.84443935458752,49.6551882876545,49.71827083071858,124500.0
2021-04-29,49.79036712646485,49.91653221258388,49.583095422449176,49.79036712646485,240900.0
2021-04-30,49.45693206787109,49.69123817347536,49.43890799240294,49.69123817347536,95000.0
2021-05-03,49.6191520690918,49.76334125473944,49.6191520690918,49.68223462295381,85400.0
2021-05-04,49.438907623291016,49.538038318755326,49.1865774441025,49.538038318755326,130500.0
2021-05-05,49.529029846191406,49.65519494924551,49.48397137192083,49.61013647497494,128500.0
2021-05-06,49.85344696044922,49.85344696044922,49.510996432634606,49.56506865420762,72300.0
2021-05-07,50.11479187011719,50.13281594433284,49.86246170657935,49.97961303237012,250100.0
2021-05-10,49.72727966308594,50.14182303009983,49.72727966308594,50.14182303009983,336800.0
2021-05-11,49.42989349365234,49.50198979444251,49.18657707283762,49.3848350245289,109200.0
2021-05-12,48.75401306152344,49.32175947871339,48.7269786637615,49.195594372169246,143000.0
2021-05-13,49.10547637939453,49.16855893132835,48.862156491475,48.89820120847914,143100.0
2021-05-14,49.529029846191406,49.61013647497494,49.25867556282672,49.357806268866725,103900.0
2021-05-17,49.49298858642578,49.610143386042814,49.34879938602855,49.610143386042814,128600.0
2021-05-18,49.402862548828125,49.63717210501384,49.402862548828125,49.61914802855794,94000.0
2021-05-19,49.28570556640625,49.2947193231016,48.93424468558802,49.02436506383688,199200.0
2021-05-20,49.664207458496094,49.68223153529956,49.384839424654125,49.40286350145759,153200.0
2021-05-21,49.62815475463867,49.77234391810499,49.52001374147415,49.77234391810499,60000.0
2021-05-24,49.83543395996094,49.9435749893952,49.73630325058732,49.79938580423574,88700.0
2021-05-25,49.85344696044922,50.02467050548624,49.85344696044922,49.952577647796126,107000.0
2021-05-26,49.99763870239258,50.01566277718352,49.8894976913877,49.988628383867486,84900.0
2021-05-27,50.01566696166992,50.069739190566615,49.97060848979321,50.05171511426772,88600.0
2021-05-28,50.096778869628906,50.177885502657375,50.06073071322928,50.12381326805792,89000.0
2021-06-01,50.18689727783203,50.3401002281012,50.14183879989693,50.31306582888844,102900.0
2021-06-02,50.28601837158203,50.29503212808951,50.18688767644485,50.213925508226446,95400.0
2021-06-03,50.08775329589844,50.13281175880537,49.8804781785939,50.05170515047674,95100.0
2021-06-04,50.421199798583984,50.421199798583984,50.21392807893171,50.21392807893171,60200.0
2021-06-07,50.349098205566406,50.39415667245548,50.313053494699545,50.35811196158862,164500.0
2021-06-08,50.37613677978516,50.46625371489404,50.33107487449,50.40317117276968,87000.0
2021-06-09,50.35811614990234,50.49329156181218,50.35811614990234,50.44823309117557,85500.0
2021-06-10,50.47526168823242,50.5563683011585,50.376134439314384,50.50229951770149,62100.0
2021-06-11,50.538352966308594,50.574397679813934,50.46625666381608,50.46625666381608,47000.0
2021-06-14,50.61946105957031,50.61946105957031,50.47527187834132,50.583416342569,63400.0
2021-06-15,50.48427581787109,50.75463005038015,50.46625174400508,50.75463005038015,67800.0
2021-06-16,50.30404281616211,50.610445222589725,50.132819256412304,50.610445222589725,140100.0
2021-06-17,50.19590759277344,50.31306237756144,50.08776656559903,50.24096606761766,96200.0
2021-06-18,49.79939270019531,49.99765414639677,49.79939270019531,49.99765414639677,945400.0
2021-06-21,50.177879333496094,50.18688965261752,49.808394370180025,49.83542876528528,108200.0
2021-06-22,50.23195266723633,50.34009368777891,50.05171534117133,50.141832285333294,154600.0
2021-06-23,50.19590759277344,50.34910709479207,50.19590759277344,50.19590759277344,64900.0
2021-06-24,50.40317153930664,50.466254081889744,50.367123389904656,50.367123389904656,103400.0
2021-06-25,50.47526168823242,50.5563683011585,50.44822729650392,50.47526168823242,70500.0
2021-06-28,50.51131820678711,50.62847298659394,50.43021158041948,50.62847298659394,86600.0
2021-06-29,50.52934265136719,50.59242520147447,50.48428417811072,50.59242520147447,111600.0
2021-06-30,50.46625518798828,50.52032741327639,50.43020703779621,50.52032741327639,83600.0
2021-07-01,50.538352966308594,50.60143551211909,50.448232588192944,50.538352966308594,71000.0
2021-07-02,50.77833938598633,50.77833938598633,50.597213887979,50.70589125959232,90700.0
2021-07-06,50.70589447021485,50.83268129044347,50.49759788877439,50.83268129044347,119100.0
2021-07-07,50.77833938598633,50.83267807179299,50.63343967851677,50.76928466569265,76400.0
2021-07-08,50.44326400756836,50.5247703162852,50.28025139013467,50.49759924359169,114000.0
2021-07-09,50.86890411376953,50.86890411376953,50.60627574994038,50.6787238816127,82200.0
2021-07-12,50.93230056762695,50.94135528850716,50.79645557165157,50.868903702738486,126200.0
2021-07-13,50.77833938598633,50.94135198872477,50.74211359544856,50.87795858262444,162100.0
2021-07-14,50.91419219970703,50.96852743918459,50.78740536801666,50.96852743918459,69600.0
2021-07-15,50.74211883544922,50.81457042400664,50.62439018606624,50.74211883544922,157700.0
2021-07-16,50.44326400756836,50.97758237478279,50.44326400756836,50.75117634553399,69300.0
2021-07-19,50.03573226928711,50.18968671032994,49.89988727039369,50.18968671032994,143900.0
2021-07-20,50.47043228149414,50.49759989985888,50.04478783547653,50.08101362975078,88300.0
2021-07-21,50.64249420166016,50.70589106219522,50.51570738995306,50.54287846009139,121400.0
2021-07-22,50.78740692138672,50.80551636531175,50.6606166311363,50.71495532695791,74900.0
2021-07-23,50.91419219970703,50.97758561555222,50.78740536801666,50.85985350554741,72700.0
2021-07-26,50.96852493286133,50.96852493286133,50.805512313080506,50.805512313080506,85600.0
2021-07-27,50.73306274414063,50.86890428699447,50.60627592227099,50.86890428699447,61600.0
2021-07-28,50.986629486083984,50.986629486083984,50.769281665066366,50.868897401135335,72700.0
2021-07-29,51.14059066772461,51.15870356309469,51.00474567978976,51.00474567978976,83100.0
2021-07-30,50.877960205078125,51.05908570886139,50.877960205078125,50.9322988926176,73400.0
2021-08-02,50.950416564941406,51.185880794303934,50.950416564941406,51.1768226175765,119000.0
2021-08-03,51.25832748413086,51.25832748413086,50.95041512307359,51.10437303094327,62700.0
2021-08-04,51.08625030517578,51.26737579825127,51.08625030517578,51.26737579825127,68000.0
2021-08-05,51.28548812866211,51.28548812866211,51.17681076120388,51.22209472498551,56900.0
2021-08-06,51.08625030517578,51.2764305182984,51.08625030517578,51.1949242191485,100200.0
2021-08-09,51.113426208496094,51.16776490163468,51.06814569155494,51.16776490163468,84900.0
2021-08-10,51.095314025878906,51.16776561774433,51.0772045825946,51.16776561774433,88900.0
2021-08-11,51.30360412597656,51.30360412597656,51.13153334443524,51.194926751945744,61500.0
2021-08-12,51.31266021728516,51.31266021728516,51.12247998967298,51.258321528818094,69800.0
2021-08-13,51.43039321899414,51.43039321899414,51.28549350188331,51.33982873662377,1021300.0
2021-08-16,51.36700439453125,51.37605911623578,51.14059835041528,51.330778598349,79300.0
2021-08-17,51.0138053894043,51.14964692674396,50.88701511799963,51.14964692674396,106900.0
2021-08-18,50.88701248168945,51.14058955668003,50.8326772514412,51.059083256626174,108700.0
2021-08-19,50.75117111206055,50.80550634248082,50.57910033657906,50.624384301504605,105200.0
2021-08-20,50.85079574584961,50.91418915790744,50.70589602476287,50.72400546705208,135600.0
2021-08-23,51.249271392822266,51.26738429059832,51.03192007419154,51.06814586974367,137100.0
2021-08-24,51.32170867919922,51.40321497461905,51.23114766414665,51.23114766414665,94700.0
2021-08-25,51.32170867919922,51.38510553535356,51.2945410656197,51.34887974746002,109000.0
2021-08-26,51.21303939819336,51.33982621259688,51.1496459909916,51.276432805395125,91500.0
2021-08-27,51.55717849731445,51.55717849731445,51.21304038396534,51.21304038396534,143200.0
2021-08-30,51.69302368164063,51.69302368164063,51.5118981763266,51.60245920164277,84300.0
2021-08-31,51.71113586425781,51.71113586425781,51.575294319082346,51.6930264219799,60500.0
2021-09-01,51.78358459472656,51.846978003246825,51.72924590684562,51.774526419405575,91500.0
2021-09-02,51.819820404052734,51.919439623751245,51.81076222698069,51.919439623751245,63300.0
2021-09-03,51.88320159912109,51.94659500495813,51.7654695077031,51.7654695077031,53600.0
2021-09-07,51.819820404052734,51.88321382482773,51.75642698327775,51.874155647755686,113000.0
2021-09-08,51.68395614624024,51.7564077171174,51.530001740147824,51.7564077171174,75000.0
2021-09-09,51.66585159301758,51.76547079171291,51.59340346512745,51.683964488660514,66800.0
2021-09-10,51.40322494506836,51.7654759849054,51.40322494506836,51.70208257113621,114300.0
2021-09-13,51.5390625,51.62962351952997,51.42133041086589,51.61151407936913,76500.0
2021-09-14,51.3488883972168,51.674913633815294,51.3488883972168,51.62962966397961,81400.0
2021-09-15,51.6296272277832,51.6296272277832,51.35794069499821,51.45755989644511,343100.0
2021-09-16,51.51190185546875,51.58434998995983,51.321718161230585,51.4937889581755,125800.0
2021-09-17,51.14059066772461,51.4394448046271,51.09530670195863,51.4394448046271,72000.0
2021-09-20,50.62438583374024,50.71494685696933,50.289302447493085,50.57004714699382,140000.0
2021-09-21,50.6787223815918,50.93229947164382,50.6787223815918,50.796454478591606,121600.0
2021-09-22,51.08625030517578,51.16775660432568,50.74211221380048,50.83267668767895,128600.0
2021-09-23,51.3488883972168,51.367001294214695,51.12248236676582,51.15870816076163,96400.0
2021-09-24,51.18587112426758,51.18587112426758,51.02285852079208,51.08625192717905,61400.0
2021-09-27,51.0138053894043,51.15870510204226,50.98663431819104,51.040973005935896,96000.0
2021-09-28,50.37081527709961,50.76023394587073,50.3345929359234,50.76023394587073,131400.0
2021-09-29,50.37986755371094,50.570047777672805,50.35269648265808,50.542880161301575,84100.0
2021-09-30,50.2349739074707,50.53382808768379,50.15346759383403,50.52477336602729,118700.0
2021-10-01,50.53383255004883,50.53383255004883,50.03573990258849,50.25309124304006,105300.0
2021-10-04,50.12346649169922,50.37767226729036,49.932814757440944,50.35951446451622,112500.0
2021-10-05,50.31412506103516,50.39583345299531,50.0145299326794,50.14163110611804,104600.0
2021-10-06,50.277793884277344,50.29595168264568,49.81477868399957,49.96911823850747,144900.0
2021-10-07,50.5047721862793,50.6954239158673,50.46845658162063,50.49569155349129,104100.0
2021-10-08,50.43214416503906,50.61371873656401,50.395828558084695,50.61371873656401,155800.0
2021-10-11,50.31412506103516,50.60464648164134,50.26873227955668,50.36859847675768,85600.0
2021-10-12,50.31412506103516,50.39583345299531,50.2233394980782,50.31412506103516,292800.0
2021-10-13,50.55016708374024,50.55924425366283,50.2868841337762,50.341357543052254,58700.0
2021-10-14,51.06765365600586,51.06765365600586,50.73174294833327,50.73174294833327,87900.0
2021-10-15,51.113040924072266,51.19474929964485,51.067648151697846,51.14027935809416,120800.0
2021-10-18,51.06765365600586,51.16751984394156,50.95871029791552,51.02226087873879,237200.0
2021-10-19,51.35816955566406,51.3763273585023,51.2219877660007,51.2219877660007,141300.0
2021-10-20,51.52159118652344,51.52159118652344,51.34909723813046,51.43080562700021,84800.0
2021-10-21,51.36724853515625,51.41264130916722,51.29461732614137,51.3854028741633,104000.0
2021-10-22,51.42171859741211,51.54881975023498,51.30369461411373,51.485269173823546,126100.0
2021-10-25,51.548824310302734,51.61237489233593,51.394488172006966,51.43080377981079,121700.0
2021-10-26,51.65776824951172,51.74855380070547,51.55790206525052,51.73947663088481,85900.0
2021-10-27,51.55790328979492,51.703162253103024,51.46711427319807,51.65776947642803,129700.0
2021-10-28,51.73040008544922,51.75763506031004,51.55790613925225,51.55790613925225,214300.0
2021-10-29,51.65776824951172,51.69408039204115,51.51250928965365,51.56697923507119,267200.0
2021-11-01,51.82118988037109,51.857502026311714,51.657773102273445,51.72132368672841,95900.0
2021-11-02,51.866580963134766,51.93013154551033,51.79394974713584,51.8575003295114,142100.0
2021-11-03,52.05722427368164,52.12985201466326,51.81209915428162,51.82117978643335,257700.0
2021-11-04,52.20248794555664,52.22064574825775,52.084463959622816,52.12985673475221,99800.0
2021-11-05,52.36590194702149,52.429452521502974,52.27511640154695,52.40221755050992,106400.0
2021-11-08,52.44761276245117,52.46577056503987,52.3749815520964,52.38406218501411,107200.0
2021-11-09,52.384071350097656,52.49301472144376,52.27512797875156,52.40222915586323,87300.0
2021-11-10,52.00275421142578,52.31142992273299,51.88473369184264,52.28419495102098,126900.0
2021-11-11,52.04814910888672,52.11169968341006,52.01183350537437,52.08446124915251,177200.0
2021-11-12,52.20248794555664,52.247880720686034,52.07538678989564,52.17525297312835,133200.0
2021-11-15,52.22064971923828,52.374985859063656,52.102625724329634,52.30235810598319,145200.0
2021-11-16,52.20248794555664,52.25696135365997,52.15709517042725,52.15709517042725,246500.0
2021-11-17,52.09354782104492,52.15709840281392,52.04815504310236,52.0753900172185,208700.0
2021-11-18,52.18433380126953,52.22064940921768,51.95736644646413,52.08446761103564,172000.0
2021-11-19,52.1117057800293,52.2115685065015,52.0663095387046,52.18433353230426,123500.0
2021-11-22,51.82118988037109,52.220651191694735,51.82118988037109,52.11170782737867,121200.0
2021-11-23,51.75762939453125,51.88473401087772,51.603293269551976,51.81210280153688,340300.0
2021-11-24,51.88473510742188,51.88473510742188,51.48527037409821,51.58513655742913,158900.0
2021-11-26,51.113040924072266,51.37632385238908,51.02225537932342,51.35816605079,155200.0
2021-11-29,51.35816955566406,51.49435134532743,51.18567562357101,51.31277678019187,282600.0
2021-11-30,51.04949188232422,51.42171816816114,50.87699795682547,51.321851987992055,385300.0
2021-12-01,50.64094543457031,51.5215797114453,50.64094543457031,51.29461239994113,339100.0
2021-12-02,51.24015045166016,51.24015045166016,50.6591145584552,50.895162554599146,236400.0
2021-12-03,50.9677848815918,51.349091810428064,50.77713314879703,51.30369557221782,303800.0
2021-12-06,51.35816955566406,51.35816955566406,51.013178228231176,51.2310683990432,263600.0
2021-12-07,51.848411560058594,51.90288149662525,51.65775985558286,51.65775985558286,242000.0
2021-12-08,51.87565231323242,51.939202888477816,51.748551162741634,51.857494511269934,229400.0
2021-12-09,51.75762939453125,51.83026060387209,51.65776667655761,51.83026060387209,256400.0
2021-12-10,51.8393440246582,51.87565963370788,51.685007881067726,51.75763563591998,363400.0
2021-12-13,51.675926208496094,51.85750078684773,51.58514065094379,51.84842361639131,646100.0
2021-12-14,51.36724853515625,51.48526905493544,51.21290894762296,51.43987628092447,300600.0
2021-12-15,51.70315933227539,51.75762927590951,51.16751628597767,51.43987639388826,375900.0
2021-12-16,51.65776824951172,51.93012836633976,51.51250928965365,51.8211850122579,237100.0
2021-12-17,51.42171859741211,51.5760581853018,51.26738247276909,51.47619200429906,390600.0
2021-12-20,51.03133773803711,51.10396895181952,50.82252819328304,51.10396895181952,486700.0
2021-12-21,51.46710586547852,51.49434429763131,51.05856747889596,51.18566861812132,1377700.0
2021-12-22,51.76671600341797,51.80303161228077,51.43080527955478,51.43080527955478,316800.0
2021-12-23,51.93769836425781,52.0382824944878,51.84626014849111,51.90112168269339,472200.0
2021-12-27,52.34004211425781,52.34004211425781,52.03828968189053,52.065720452780354,217000.0
2021-12-28,52.34004211425781,52.44976868596191,52.28517708433336,52.404049571763935,328000.0
2021-12-29,52.28517150878906,52.33089061811168,52.19373329014384,52.33089061811168,230200.0
2021-12-30,52.31260681152344,52.37661426775254,52.248599355294346,52.248599355294346,214300.0
2021-12-31,52.19374084472656,52.3400441086217,52.18459492865158,52.30346742061168,267800.0
2022-01-03,52.27603530883789,52.321757914801886,52.10230126586804,52.321757914801886,322000.0
2022-01-04,52.28517150878906,52.43147475150809,52.15715660742797,52.42233232490135,263300.0
2022-01-05,51.699954986572266,52.3308870234314,51.699954986572266,52.27602200312635,132900.0
2022-01-06,51.63594818115234,51.7913938417296,51.48049903243083,51.681667287901874,268200.0
2022-01-07,51.55365753173828,51.70910320780772,51.42564262482354,51.66338409650169,183500.0
2022-01-10,51.44392776489258,51.4530736800914,50.95015647663924,51.370777884025074,512800.0
2022-01-11,51.79140090942383,51.809689252248205,51.30677203308443,51.40735617454613,366600.0
2022-01-12,52.03827667236328,52.08399577513151,51.89197345061857,52.00169999489112,203200.0
2022-01-13,51.699954986572266,52.08399966427498,51.62680162616553,52.02913813211415,237700.0
2022-01-14,51.53536224365234,51.62680045394038,51.33419399524571,51.49878556427948,310500.0
2022-01-18,50.95930862426758,51.215338488358896,50.87701281250319,51.215338488358896,554700.0
2022-01-19,50.8221435546875,51.197045865160895,50.77642095319618,51.14218083625817,135100.0
2022-01-20,50.58439636230469,51.224474385475,50.52953133581194,50.93186788713621,348100.0
2022-01-21,50.11806106567383,50.648409091097086,50.108915149566805,50.49296339872741,437600.0
2022-01-24,50.09975814819336,50.09975814819336,48.99333981494534,49.743144262943495,527900.0
2022-01-25,49.76143264770508,50.00832000613802,49.34081129103156,49.68828277565691,719600.0
2022-01-26,49.45969009399414,50.22778303370024,49.30424092774148,50.10891055222993,318600.0
2022-01-27,49.27681350708008,49.95346826896043,49.27681350708008,49.834595779411536,134200.0
2022-01-28,49.81630706787109,49.82545298369302,49.11222153981197,49.29510148665698,375600.0
2022-01-31,50.42895126342773,50.42895126342773,49.7522965481827,49.83459234479163,539600.0
2022-02-01,50.61182022094727,50.65754281418723,50.255206317797935,50.42894380056391,259600.0
2022-02-02,50.849571228027344,50.93186702229676,50.684979639488525,50.849571228027344,128000.0
2022-02-03,50.20949935913086,50.55697092057724,50.18206858706627,50.49296346032988,115900.0
2022-02-04,50.16377258300781,50.38322570230418,49.92602763426823,50.06318844993679,131200.0
2022-02-07,50.18206024169922,50.36494016405484,50.10890687749921,50.264356032352026,109600.0
2022-02-08,50.3192138671875,50.40150965178877,50.00831906848757,50.09976076701352,183900.0
2022-02-09,50.840423583984375,50.840423583984375,50.61182455080433,50.61182455080433,95500.0
2022-02-10,50.20949935913086,50.79471241747531,50.11806112681891,50.310083507561,160500.0
2022-02-11,49.81630706787109,50.37408933608319,49.69743457920011,50.28265110673311,145000.0
2022-02-14,49.65170669555664,49.74314839690209,49.37738856780878,49.74314839690209,177500.0
2022-02-15,50.05405044555664,50.06319287294153,49.84373624611207,49.90774719038525,93500.0
2022-02-16,50.16377258300781,50.20034926560536,49.88030852509352,49.96260431686577,170500.0
2022-02-17,49.633419036865234,50.01746721150148,49.60598827015704,50.01746721150148,153700.0
2022-02-18,49.47798156738281,49.70658062952142,49.34996665068837,49.633427255327526,112600.0
2022-02-22,49.01164245605469,49.404833161525424,48.85619675247777,49.2585298865697,155400.0
2022-02-23,48.70988845825195,49.31338984127516,48.58187354187504,49.21280569608049,238000.0
2022-02-24,48.6550178527832,48.74645955982124,47.7040450284544,47.95093240524041,389000.0
2022-02-25,49.36825180053711,49.39568257001285,48.75560453980331,48.75560453980331,180400.0
2022-02-28,49.42310333251953,49.42310333251953,48.87446712522227,48.92018622780638,209300.0
2022-03-01,48.81960678100586,49.38653138121716,48.71902265280909,49.38653138121716,342100.0
2022-03-02,49.15793228149414,49.25851640953381,48.88361415202324,49.04820572733463,139000.0
2022-03-03,48.82875061035156,49.24937195744684,48.77388559145665,49.24937195744684,122800.0
2022-03-04,48.48128128051758,48.545288727990666,48.31668970468842,48.53614630184206,116600.0
2022-03-07,47.47544860839844,48.344125688318826,47.47544860839844,48.30755249163333,209000.0
2022-03-08,47.43886566162109,48.014932632646136,47.25598576320225,47.530303866758544,142400.0
2022-03-09,48.19781494140625,48.31668740454482,47.88692014498975,47.95092758941573,128400.0
2022-03-10,47.932647705078125,47.96922439067192,47.64918711208804,47.87778616483216,155500.0
2022-03-11,47.53945541381836,48.142956708417664,47.530309499334415,48.09723411228665,175700.0
2022-03-14,47.26513671875,47.74976906024674,47.19198683906692,47.5211700180022,1157500.0
2022-03-15,47.68576049804688,47.740622034496674,47.32914307040076,47.38400809499504,453100.0
2022-03-16,48.645877838134766,48.645877838134766,47.83206578993997,48.00579980970971,169800.0
2022-03-17,48.95676803588867,48.95676803588867,48.49956998584447,48.56357743379911,139500.0
2022-03-18,49.32252883911133,49.32252883911133,48.77389252474912,48.84704240552992,172600.0
2022-03-21,49.04821014404297,49.29509752924186,48.83789944290567,49.04821014404297,236800.0
2022-03-22,49.31338119506836,49.34081196144111,49.06649383328088,49.06649383328088,153600.0
2022-03-23,48.965911865234375,49.19451089680703,48.965911865234375,49.148791788121386,169000.0
2022-03-24,49.304237365722656,49.304237365722656,48.96591177629011,49.10307259024232,154700.0
2022-03-25,49.22195053100586,49.32253118584696,49.02992467251246,49.32253118584696,120600.0
2022-03-28,49.34081268310547,49.40482013100756,49.057352124723145,49.24937446842942,199000.0
2022-03-29,49.92602157592773,49.94430991500728,49.67913771871388,49.79800669051492,281900.0
2022-03-30,49.8254508972168,49.93517746547098,49.670001728057386,49.880312437271535,145300.0
2022-03-31,49.34081268310547,49.81629907333837,49.3225243425414,49.77972239221023,324100.0
2022-04-01,49.55112457275391,49.55112457275391,49.29509477491737,49.41396724740336,351900.0
2022-04-04,49.71617889404297,49.75285360771582,49.51445222862179,49.62448336529391,164200.0
2022-04-05,49.13850784301758,49.68866700783285,49.10182963260944,49.59697497963919,105000.0
2022-04-06,48.780906677246094,48.95512293937729,48.60668691728805,48.85425960420723,192100.0
2022-04-07,48.80841064453125,48.918441777251616,48.52415976235811,48.68004040671971,228000.0
2022-04-08,48.69838333129883,48.88177089876723,48.59751999429986,48.7533971530605,98800.0
2022-04-11,48.23074722290039,48.58835457101036,48.16656209581511,48.44164520941156,215300.0
2022-04-12,48.07486343383789,48.57917657624675,48.04735652539836,48.395789025054455,153000.0
2022-04-13,48.45997619628906,48.53333261900435,48.20323571243908,48.20323571243908,151400.0
2022-04-14,48.056522369384766,48.53332858391186,48.056522369384766,48.45997216729548,269900.0
2022-04-18,47.94649887084961,48.12071514129263,47.863974637939336,48.04736221083184,175700.0
2022-04-19,48.148223876953125,48.221580308019846,47.85480514834054,47.8914833638739,367900.0
2022-04-20,48.30409622192383,48.46914466556122,48.294924920707,48.38662044374252,1055800.0
2022-04-21,47.85479736328125,48.597515366783625,47.772273140669874,48.54249805243385,389400.0
2022-04-22,47.11208724975586,47.85480182467321,47.10291594759592,47.69892466622331,421900.0
2022-04-25,47.29547119140625,47.29547119140625,46.79115454607539,47.04789851946927,237400.0
2022-04-26,46.53440856933594,47.16709187982966,46.53440856933594,47.12124587144483,166500.0
2022-04-27,46.53440856933594,46.88284452914792,46.4793912605784,46.5710867751743,794100.0
2022-04-28,47.093746185302734,47.22211642758953,46.525247898964025,46.80949529322,210800.0
2022-04-29,46.360198974609375,47.1854377371446,46.305181657976334,46.992882375669055,143300.0
2022-05-02,46.34186553955078,46.387711560108094,45.80087410218928,46.26850910839735,212300.0
2022-05-03,46.543582916259766,46.67195665474435,46.36936666077077,46.48856909759309,263400.0
2022-05-04,47.29547119140625,47.31380679866679,46.25933448985372,46.52524626687788,126900.0
2022-05-05,46.17680740356445,46.98371048825059,45.89255653907266,46.80032294657286,619800.0
2022-05-06,45.87422180175781,46.06678066265308,45.608313513731815,45.87422180175781,213600.0
2022-05-09,45.021461486816406,45.39740431601209,44.97561548283174,45.38823651434552,341700.0
2022-05-10,45.18651580810547,45.56245868646023,44.93894315682408,45.48910577005817,564200.0
2022-05-11,44.91143798828125,45.50744663455789,44.90227018506112,45.0764864288555,1123600.0
2022-05-12,44.86559677124024,45.131508564785925,44.56300676524131,44.69138050882764,528900.0
2022-05-13,45.52579498291016,45.58080880905456,45.113173797691125,45.113173797691125,399700.0
2022-05-16,45.5166130065918,45.6816614419764,45.342396768275314,45.47993479921158,388400.0
2022-05-17,45.92007446289063,45.95674917897017,45.644991356418565,45.7825329096546,224900.0
2022-05-18,45.07649230957031,45.70917574909435,45.02147498959246,45.70917574909435,157800.0
2022-05-19,45.204864501953125,45.39741988341415,45.0123091204921,45.03981603275022,245500.0
2022-05-20,45.314884185791016,45.498271716051306,44.764725092836336,45.498271716051306,285000.0
2022-05-23,45.663333892822266,45.70001210948345,45.37908645826625,45.44327158850969,687000.0
2022-05-24,45.61747741699219,45.672494729375934,45.22319542280815,45.42492207038876,263900.0
2022-05-25,45.81003189086914,45.92006651354036,45.51661322606533,45.544120132819934,1067800.0
2022-05-26,46.30517959594727,46.36936471358087,45.92006889014565,45.94757579832389,368800.0
2022-05-27,46.85533905029297,46.86451035162957,46.4427214336376,46.4427214336376,274500.0
2022-05-31,46.58943939208984,46.83701210657179,46.47940474265748,46.76365567361688,978100.0
2022-06-01,46.31435012817383,46.827834597323005,46.149305171553614,46.79115638570661,275400.0
2022-06-02,46.83700942993164,46.87368414648597,46.27767890301043,46.36020313645499,269700.0
2022-06-03,46.406044006347656,46.58943156007894,46.3418588872157,46.58943156007894,329500.0
2022-06-06,46.360198974609375,46.763648803104815,46.32352076352068,46.61693945657677,375900.0
2022-06-07,46.6352767944336,46.68112280764333,46.14013145698466,46.14013145698466,395800.0
2022-06-08,46.31435012817383,46.58943321747,46.27767541438421,46.516076794237215,238900.0
2022-06-09,45.59914016723633,46.23182354515957,45.59914016723633,46.0667785969494,170700.0
2022-06-10,44.82891845703125,45.17735447889239,44.764733334297205,45.07649114378836,402200.0
2022-06-13,43.52687072753906,44.15038630826259,43.44434650368369,44.15038630826259,968400.0
2022-06-14,43.34349060058594,43.756111790555046,43.14176390819499,43.701094465950085,713900.0
2022-06-15,43.93948745727539,44.17789232038674,43.35265009858063,43.6735791838726,363900.0
2022-06-16,43.16009521484375,43.23345163439057,42.9767076638033,43.12341700507034,641200.0
2022-06-17,43.16926193237305,43.4168310774895,42.98587440080518,43.28846085473986,1088500.0
2022-06-21,43.66440200805664,43.78360442357496,43.508524885924,43.508524885924,503000.0
2022-06-22,43.6093978881836,43.88447748695064,43.4351781272972,43.4351781272972,419200.0
2022-06-23,43.89364242553711,43.91198153063454,43.57271683089871,43.811118201512,957500.0
2022-06-24,44.58134078979492,44.58134078979492,44.03118165701453,44.03118165701453,528700.0
2022-06-27,44.3887939453125,44.618027544182695,44.36128703275276,44.60885973927183,537700.0
2022-06-28,44.03117752075195,44.6821999162116,44.03117752075195,44.56299749943729,665800.0
2022-06-29,44.09537124633789,44.13204945833155,43.89364457819959,44.08620344225289,558900.0
2022-06-30,44.01284790039063,44.13205034284572,43.60022675175909,43.91198456429993,473700.0
2022-07-01,44.22374725341797,44.28793238385762,43.83863647078008,43.967006731659374,533400.0
2022-07-05,44.09719467163086,44.11566546826001,43.61687291609802,43.83855771181084,878800.0
2022-07-06,44.02329635620117,44.180326312789504,43.86626992322905,44.10642903354413,317500.0
2022-07-07,44.40201568603516,44.466674050240165,44.20804059342013,44.20804059342013,348600.0
2022-07-08,44.33735656738281,44.485147614996094,44.18033012087593,44.29117252568176,255800.0
2022-07-11,44.078731536865234,44.22652261271622,44.00483423713115,44.22652261271622,519200.0
2022-07-12,43.97711563110352,44.22651368191854,43.86627322750233,44.10643235590764,265200.0
2022-07-13,43.930931091308594,44.03253457134692,43.45060931633292,43.45060931633292,242300.0
2022-07-14,43.67229843139648,43.700011677429856,43.21045093183056,43.47832332724683,327300.0
2022-07-15,44.115665435791016,44.1618529981788,43.78313824246653,43.98634871778433,728900.0
2022-07-18,44.03253173828125,44.44819512484481,43.96787338077316,44.38353676733672,448000.0
2022-07-19,44.70683288574219,44.72530368226412,44.28193056979597,44.28193056979597,305300.0
2022-07-20,44.76225662231445,44.85462823187853,44.60523017148045,44.78073094422727,277400.0
2022-07-21,45.1317253112793,45.16867394634332,44.725297372806615,44.78072032540265,158300.0
2022-07-22,45.05783462524414,45.43654938095075,44.91928250893175,45.3534167017168,313300.0
2022-07-25,45.15944290161133,45.1686818237965,45.002416460627366,45.140968580857376,509500.0
2022-07-26,44.84539031982422,45.09478838584314,44.78073195348043,45.04860434182853,348700.0
2022-07-27,45.46426773071289,45.59358446324551,45.09478833180538,45.14097237576465,203500.0
2022-07-28,45.93534469604492,45.94458361781594,45.47349726874873,45.704420982396826,220000.0
2022-07-29,46.27711486816406,46.29558918971166,45.86145496600091,45.88916468651405,295000.0
2022-08-01,46.27711486816406,46.39719619641521,46.05543005682593,46.147798140947394,1670800.0
2022-08-02,45.86145782470703,46.23093370784018,45.84298350200786,46.12009129526192,141600.0
2022-08-03,46.21245574951172,46.29558843330939,45.86145421669176,45.88916393675216,369000.0
2022-08-04,46.35100936889648,46.3787190877444,46.21245372742422,46.3140607280217,150900.0
2022-08-05,46.08313751220703,46.09237643433498,45.8614527117654,45.93534647070715,335700.0
2022-08-08,46.18474960327149,46.461857396167765,46.0831425903656,46.27711769303132,328600.0
2022-08-09,46.00924301147461,46.12932080827103,45.92611033174522,46.12932080827103,153000.0
2022-08-10,46.59116744995117,46.68353905008138,46.4433764133591,46.4433764133591,229400.0
2022-08-11,46.58193206787109,46.97912113952784,46.50803478774135,46.79438146281973,239800.0
2022-08-12,46.95141220092773,46.98835731798983,46.63735580239384,46.69277523979515,287500.0
2022-08-15,47.08072662353516,47.08072662353516,46.849802915981805,46.88674803124207,480200.0
2022-08-16,47.089962005615234,47.14538496391122,46.84056397870752,46.9144612564355,205300.0
2022-08-17,46.68354797363281,46.90523280908781,46.5357569087905,46.757441744245504,211200.0
2022-08-18,46.72049331665039,46.80362248135438,46.66507034989772,46.80362248135438,139500.0
2022-08-19,46.27711486816406,46.51727752466635,46.1847467840426,46.51727752466635,253200.0
2022-08-22,45.63053512573242,45.88916860223495,45.57511215636037,45.8337456328629,330100.0
2022-08-23,45.67671203613281,45.89839683175578,45.57510503663216,45.57510503663216,156600.0
2022-08-24,45.63976287841797,45.75060527497327,45.53815588006884,45.67671151847516,194600.0
2022-08-25,46.18474960327149,46.18474960327149,45.74137642991409,45.83374451967393,288400.0
2022-08-26,45.261043548583984,46.12007996313005,45.261043548583984,46.10160564497019,238700.0
2022-08-29,45.0485954284668,45.21486077291532,44.983937074916376,45.16867673803873,317600.0
2022-08-30,44.836158752441406,45.15945061179088,44.66065443712285,45.11326656382909,165800.0
2022-08-31,44.5220947265625,44.94699353338515,44.5220947265625,44.910044891848464,172000.0
2022-09-01,44.40201568603516,44.40201568603516,43.958642535650846,44.31888300011206,295800.0
2022-09-02,44.19880294799805,44.762257444024186,44.12490918260692,44.66988935638111,238100.0
2022-09-06,43.91245651245117,44.24498724114444,43.82932383027785,44.24498724114444,371700.0
2022-09-07,44.448204040527344,44.45744296409096,43.92169815314259,43.98635652362024,304300.0
2022-09-08,44.50362014770508,44.549804187549896,44.14337970385256,44.26345750272581,149000.0
2022-09-09,44.98394775390625,44.99318315362761,44.780733723867954,44.780733723867954,702400.0
2022-09-12,45.24257278442383,45.381128419698975,45.13173039037341,45.13173039037341,460700.0
2022-09-13,44.14337539672852,44.679116549164966,44.04176840481401,44.55903876200785,442900.0
2022-09-14,44.18955993652344,44.31887664639413,44.05100430530993,44.10642726251855,137800.0
2022-09-15,43.92169189453125,44.272696943977,43.84779813463639,44.12490590057086,333200.0
2022-09-16,43.70923614501953,43.746184781411706,43.49678677118842,43.66305211133727,269400.0
2022-09-19,43.810848236083984,43.8385579547976,43.40442375928024,43.40442375928024,278400.0
2022-09-20,43.44137191772461,43.54297892494321,43.27510654656991,43.48755948363602,480300.0
2022-09-21,43.04417037963867,43.68152195952663,43.04417037963867,43.46907260743583,1259200.0
2022-09-22,42.7393684387207,42.98876651368978,42.63776142407217,42.87792057573676,331200.0
2022-09-23,42.11125564575195,42.32370507521242,41.83414784748251,42.32370507521242,389900.0
2022-09-26,41.603214263916016,42.09277137596085,41.51084267057624,41.96345466890115,401700.0
2022-09-27,41.44619369506836,41.94498984111767,41.26145399020379,41.73254041378929,647900.0
2022-09-28,42.11125564575195,42.24981130669509,41.53856572617953,41.58474977195496,432700.0
2022-09-29,41.64939880371094,41.89879682332789,41.372291067564106,41.89879682332789,315800.0
2022-09-30,41.363059997558594,41.88033045386912,41.326114876378114,41.658642108702686,322000.0
2022-10-03,42.02811813354492,42.1759091772457,41.57550608017706,41.66787768475031,464300.0
2022-10-04,42.96475601196289,42.96475601196289,42.51034630488909,42.51034630488909,369400.0
2022-10-05,42.72364044189453,42.83492308251135,42.31560173455862,42.53816701579226,273400.0
2022-10-06,42.40833282470703,42.74218425382821,42.34341766211247,42.621626007176445,349400.0
2022-10-07,41.71281051635742,42.05593402667386,41.57370811155344,42.04666194806469,350400.0
2022-10-10,41.48097229003906,41.731360879831406,41.25840701307562,41.731360879831406,495600.0
2022-10-11,41.32332229614258,41.638626054067245,41.10075348094404,41.37896184673373,489000.0
2022-10-12,41.18421936035156,41.32332532223875,41.13785188559302,41.21203913768438,1729700.0
2022-10-13,41.71281051635742,41.749905906016245,40.405228100578015,40.59070151126106,529200.0
2022-10-14,41.05438995361328,41.91683844674335,41.05438995361328,41.833375575227166,287800.0
2022-10-17,41.71281051635742,41.86118853738164,41.6107999636012,41.6107999636012,589400.0
2022-10-18,42.037391662597656,42.26923255143807,41.73135999127492,42.17649407333518,369300.0
2022-10-19,41.50879287719727,41.898287425919015,41.462425405057175,41.777729168265694,461300.0
2022-10-20,41.4531478881836,41.93537731793055,41.3511373402895,41.68498875608438,366900.0
2022-10-21,42.074493408203125,42.074493408203125,41.18422503477498,41.30478331584714,544900.0
2022-10-24,42.1579475402832,42.167223157154886,41.65717035755153,41.97247411657391,682600.0
2022-10-25,42.65871810913086,42.65871810913086,42.157941004040566,42.157941004040566,555600.0
2022-10-26,42.77928161621094,42.99257480851759,42.47324994619844,42.66799544296392,347200.0
2022-10-27,42.60307693481445,42.94620396898816,42.60307693481445,42.71436309933016,2366400.0
2022-10-28,42.98329544067383,43.02039082851876,42.49179393336669,42.49179393336669,598000.0
2022-10-31,42.68654251098633,42.87201592606025,42.66799481571782,42.80710076142605,724700.0
2022-11-01,42.81637191772461,43.30787698772211,42.73291259723128,43.150223350142205,438100.0
2022-11-02,42.35269165039063,43.159500486350616,42.28777648486895,42.86274443321977,613800.0
2022-11-03,41.991024017333984,42.18577306813975,41.83337389835145,41.972476320228125,719900.0
2022-11-04,42.69581985473633,42.80710249323829,42.259957842320965,42.66799654190236,1524600.0
2022-11-07,42.81637191772461,42.85346730746236,42.59380665452026,42.807099839095706,928400.0
2022-11-08,43.16876983642578,43.23368499784389,42.79782656226672,42.95547665782185,707300.0
2022-11-09,42.54744720458984,42.992581352499016,42.5381715866018,42.90911847866531,474800.0
2022-11-10,44.30942916870117,44.30942916870117,43.65100189898522,43.79937992508475,770500.0
2022-11-11,44.61545944213867,44.698922300310144,44.30015570433656,44.30015570433656,690700.0
2022-11-14,44.40216445922852,44.652553023602906,44.31870160443705,44.55054247467879,755900.0
2022-11-15,44.74528503417969,44.986397966934334,44.46707671558258,44.89366303993887,1706400.0
2022-11-16,44.64328384399414,44.847304971256285,44.53200120076545,44.73602232802759,504300.0
2022-11-17,44.46708297729492,44.51345044732198,44.07758844632304,44.21669439401539,649700.0
2022-11-18,44.624732971191406,44.68964813658901,44.37434438853872,44.63400858774032,1041200.0
2022-11-21,44.39289474487305,44.49490530735827,44.27234002340088,44.40217036197793,2493700.0
2022-11-22,44.78238296508789,44.81947835303856,44.5134467088619,44.5134467088619,561800.0
2022-11-23,45.06059646606445,45.144059329717706,44.708197315349445,44.85657534655397,385900.0
2022-11-25,45.171875,45.171875,45.04204467669598,45.14405522718085,446700.0
2022-11-28,44.68038177490234,45.060600737002616,44.67110615716653,45.03278095901849,1654000.0
2022-11-29,44.68964767456055,44.893668785192965,44.67109997926568,44.68964767456055,832700.0
2022-11-30,45.62628173828125,45.62628173828125,44.68037060947173,44.78238115340376,1519400.0
2022-12-01,45.83031463623047,45.83959025475457,45.45009564181717,45.79322277496991,989500.0
2022-12-02,45.80248641967773,45.86740158694214,45.35735232803126,45.35735232803126,992400.0
2022-12-05,45.29243469238281,45.66338151734436,45.14405666992042,45.62628612732598,1400800.0
2022-12-06,45.04204559326172,45.31098186135608,44.89366757252191,45.236791082180645,832700.0
2022-12-07,45.12550735473633,45.1811504377661,44.94930956489186,45.01422472628777,3020600.0
2022-12-08,45.320255279541016,45.33880297488312,45.06059461997397,45.19042494975749,1013000.0
2022-12-09,45.03277969360352,45.32953577580094,45.02350407612835,45.08841924800832,958200.0
2022-12-12,45.13478088378906,45.25533913208962,44.98640286188495,44.98640286188495,2672700.0
2022-12-13,45.65410614013672,46.27544154455974,45.49645603814962,46.06214481964254,1271000.0
2022-12-14,45.62628173828125,45.830299288534526,45.28315825764599,45.64482943150623,1688000.0
2022-12-15,44.9214973449707,45.29244424819473,44.78239490947058,45.27389654927234,1023300.0
2022-12-16,44.624732971191406,44.71747144862454,44.44853517048523,44.65255628322694,1241200.0
2022-12-19,44.30015563964844,44.62473145561295,44.20741716536495,44.62473145561295,1657400.0
2022-12-20,44.32798385620117,44.392899031758354,44.11469063114018,44.235248901865695,1411800.0
2022-12-21,44.76384353637695,44.76384353637695,44.46708745319992,44.53200262529417,947600.0
2022-12-22,44.30015563964844,44.476353434370445,43.99412398092954,44.43925804465705,1890400.0
2022-12-23,44.44765853881836,44.44765853881836,44.13024180931538,44.22359820450877,981500.0
2022-12-27,44.36364364624024,44.52235025640339,44.24227746349744,44.52235025640339,1217600.0
2022-12-28,43.97153854370117,44.44766549310966,43.94353233302493,44.38231529398595,1492900.0
2022-12-29,44.5036735534668,44.51301133032302,44.139578605079066,44.139578605079066,1367800.0
2022-12-30,44.02755355834961,44.31696412047626,44.02755355834961,44.29829212666305,847300.0
2023-01-03,44.35430145263672,44.7090621877022,44.16758865016708,44.50367383140348,1786200.0
2023-01-04,44.66238784790039,44.83976645010732,44.50367767849947,44.65305363149739,734600.0
2023-01-05,44.344974517822266,44.57836912054765,44.33564030069361,44.4009905045512,909300.0
2023-01-06,45.29722213745117,45.32522834843309,44.48500996710641,44.64371657776233,851400.0
2023-01-09,45.34390258789063,45.698663376940985,45.3345683708741,45.381246578594656,1625400.0
2023-01-10,45.418582916259766,45.45592333935296,45.175850578902974,45.24120077096402,1157600.0
2023-01-11,45.857364654541016,45.857364654541016,45.57729187951822,45.57729187951822,292600.0
2023-01-12,46.16544723510742,46.24013164655499,45.670648318828256,45.97873086451067,1842500.0
2023-01-13,46.31482696533203,46.31482696533203,45.97873815721443,46.02541636693763,831400.0
2023-01-17,46.24013519287109,46.36150137726476,46.16545077569572,46.26814496546584,1816400.0
2023-01-18,46.02540969848633,46.60422725009329,46.02540969848633,46.50153662810837,555900.0
2023-01-19,45.83869171142578,46.05341784785588,45.81068550289945,45.969395660958426,1042200.0
2023-01-20,46.28681564331055,46.28681564331055,45.84803268543679,45.876038895915976,990400.0
2023-01-23,46.58555603027344,46.58555603027344,46.20278909079519,46.2774734987986,3553200.0
2023-01-24,46.59489059448242,46.59489059448242,46.277473845126096,46.2868116220204,606300.0
2023-01-25,46.59489059448242,46.62289680252849,46.202789436563776,46.41751200799328,472500.0
2023-01-26,46.75360107421875,46.83761969893992,46.51086873174056,46.80027927505888,304700.0
2023-01-27,46.80961608886719,46.912310273206586,46.63223749130192,46.68824991089166,709900.0
2023-01-30,46.38950729370117,46.71626185555829,46.38950729370117,46.594895671936,1911800.0
2023-01-31,46.744266510009766,46.78161049777592,46.37083375498566,46.426849736634885,1014800.0
2023-02-01,47.28573989868164,47.360424306972426,46.55754644026568,46.716256595026,426200.0
2023-02-02,47.528465270996094,47.56580925312432,47.22972053660664,47.30440493954493,328500.0
2023-02-03,46.87496948242188,47.26707425288165,46.87496948242188,47.06168587019706,357900.0
2023-02-06,46.61356735229492,46.73493353509929,46.52954515824864,46.650911341053,377900.0
2023-02-07,46.86562347412109,46.98698962983677,46.45484681210433,46.576212967820005,339400.0
2023-02-08,46.7629280090332,46.874956385870775,46.5948836631179,46.8562843961782,386500.0
2023-02-09,46.52020263671875,47.07101034663315,46.41750846662686,47.07101034663315,241300.0
2023-02-10,46.2961540222168,46.45486064429323,46.24947581344838,46.352170009530326,256800.0
2023-02-13,46.7629280090332,46.7629280090332,46.41750510301525,46.41750510301525,314500.0
2023-02-14,46.57621765136719,46.87496240215579,46.39883906849844,46.55754565927811,309600.0
2023-02-15,46.63224029541016,46.64157451213019,46.38017370814299,46.39884570290192,198400.0
2023-02-16,46.28681564331055,46.60422885892456,46.25880587151264,46.35216584197446,229100.0
2023-02-17,46.2961540222168,46.31482601798797,46.03475320405841,46.1654536131376,944300.0
2023-02-21,45.69865417480469,46.01607090923421,45.65197597648351,45.95072071932091,231800.0
2023-02-22,45.48394012451172,45.81069113522043,45.48394012451172,45.66131873585089,349000.0
2023-02-23,45.89470291137695,45.90403712614105,45.52127021708706,45.82001850930984,215400.0
2023-02-24,45.31588363647461,45.41857780138218,45.21318947156704,45.34388984097014,169300.0
2023-02-27,45.60528945922852,45.74532760090128,45.52126728648843,45.71732139709388,169100.0
2023-02-28,45.42791748046875,45.59596185029256,45.42791748046875,45.46526146516702,91600.0
2023-03-01,45.43725204467773,45.55861821521928,45.31588943545461,45.48393380656801,141300.0
2023-03-02,45.50260543823242,45.57728984629146,45.16651669867074,45.16651669867074,267900.0
2023-03-03,45.99740982055664,46.0627600259601,45.65198679752133,45.69866500690679,113200.0
2023-03-06,45.99740982055664,46.19346043676703,45.94139383250264,46.12811023136357,109000.0
2023-03-07,45.45592880249024,45.978733963130544,45.45592880249024,45.978733963130544,119700.0
2023-03-08,45.5959587097168,45.679980888841385,45.41858013659518,45.530608521655246,135400.0
2023-03-09,45.22252655029297,45.71732541606768,45.11983594019909,45.63330323594127,151100.0
2023-03-10,45.05449295043945,45.39991952974551,44.92379254154269,45.23187512935852,213400.0
2023-03-13,44.97979736328125,45.371898492638856,44.81175300460852,44.81175300460852,285400.0
2023-03-14,45.26921463012695,45.56795940977512,45.04515426473149,45.16652044437564,2800000.0
2023-03-15,44.97046661376953,45.06382658390766,44.66238761561049,44.7557440244299,334300.0
2023-03-16,45.33456039428711,45.39057280916884,44.877105491949045,44.98913388303085,632500.0
2023-03-17,45.13850784301758,45.39991217981057,45.11050163459344,45.25987401505295,169200.0
2023-03-20,45.42791748046875,45.474595680682384,45.26921088747872,45.30655131085859,203000.0
2023-03-21,45.74533462524414,45.74533462524414,45.530612053341,45.59596224647159,166800.0
2023-03-22,45.62397003173828,46.17478136525007,45.54928562042948,45.6799860112088,187300.0
2023-03-23,45.64263916015625,46.00673410056596,45.51193877758028,45.67998314412605,175900.0
2023-03-24,45.78268051147461,45.78268051147461,45.40924776837656,45.62397034919644,215900.0
2023-03-27,45.67065048217773,45.85736686161896,45.6613162657991,45.79201666301234,181300.0
2023-03-28,45.67065048217773,45.73600424210308,45.586631850813845,45.61463806126848,134800.0
2023-03-29,45.91338348388672,46.06275587725823,45.88537727304168,45.932055478223006,322200.0
2023-03-30,46.18412399291992,46.33349639254373,46.18412399291992,46.33349639254373,168100.0
2023-03-31,46.70691680908203,46.70691680908203,46.35215965265337,46.35215965265337,179900.0
2023-04-03,46.82828521728516,46.884301194766174,46.650906630572905,46.66024084616053,251000.0
2023-04-04,46.7711181640625,46.95857468936614,46.72425045723256,46.93045692567139,205400.0
2023-04-05,46.70549774169922,46.827343742157446,46.63051228710652,46.827343742157446,148600.0
2023-04-06,46.8929557800293,46.8929557800293,46.62114243688788,46.705499288346495,130300.0
2023-04-10,46.76173782348633,46.76173782348633,46.51804222326941,46.621145445650896,290200.0
2023-04-11,46.84609603881836,46.91170653214484,46.7617391794695,46.780485545491885,156000.0
2023-04-12,46.83672332763672,47.09916529356908,46.77111283615363,47.09916529356908,146900.0
2023-04-13,47.408470153808594,47.408470153808594,46.98668591168333,47.03355003291874,93400.0
2023-04-14,46.88358688354492,47.20226794208935,46.855469123395096,47.17415018193952,195300.0
2023-04-17,47.01480865478516,47.01480865478516,46.836723545005086,46.92108040237536,525200.0
2023-04-18,46.97731399536133,47.15540267333511,46.96794260070647,47.15540267333511,194600.0
2023-04-19,46.99606704711914,47.00544201861143,46.84609968277847,46.864846050259054,269200.0
2023-04-20,46.949195861816406,47.03355271505199,46.77111076076505,46.93982446723621,243500.0
2023-04-21,46.949195861816406,46.9585672563966,46.77111076076505,46.921078102572366,139700.0
2023-04-24,47.14602279663086,47.14602279663086,46.91169862410735,46.96793771269411,210000.0
2023-04-25,46.54615783691406,46.95856713191508,46.54615783691406,46.95856713191508,168700.0
2023-04-26,46.55553436279297,46.77111579186527,46.49929883825572,46.63989122510269,114000.0
2023-04-27,46.91170501708984,46.95856914288042,46.63988808179944,46.76173766925783,155800.0
2023-04-28,47.23038482666016,47.23038482666016,46.87421104418316,46.87421104418316,157600.0
2023-05-01,47.08979034423828,47.239757681380624,46.977312159754014,47.155400830769096,118800.0
2023-05-02,46.83672332763672,46.99606207109461,46.66800961367916,46.99606207109461,194600.0
2023-05-03,46.864837646484375,47.0991618347168,46.808598554127386,47.00543358962517,129100.0
2023-05-04,46.658634185791016,46.81797650319052,46.64926279088685,46.7055018868226,146600.0
2023-05-05,47.15540313720703,47.174149502204656,46.88358620799679,46.88358620799679,97500.0
2023-05-08,47.09916305541992,47.14602717918034,46.98668844329421,47.14602717918034,124700.0
2023-05-09,46.88358688354492,46.96794373949796,46.84609415300944,46.93045100896248,96100.0
2023-05-10,47.01480865478516,47.17415097448618,46.85546991058777,47.17415097448618,128300.0
2023-05-11,46.98669052124024,47.05230101250709,46.90233366453948,46.95856918533757,100700.0
2023-05-12,46.83672332763672,47.11791165906476,46.74299150015828,47.11791165906476,131800.0
2023-05-15,47.04292678833008,47.04292678833008,46.83672391629317,46.87421307225209,115500.0
2023-05-16,46.78985595703125,46.93045191149135,46.72424546508418,46.93045191149135,81900.0
2023-05-17,46.630516052246094,47.00543620447563,46.630516052246094,46.8742116483428,186200.0
2023-05-18,47.05230331420898,47.05230331420898,46.82735049350154,46.939828691607154,146800.0
2023-05-19,46.96794128417969,47.11790862297827,46.95856631428412,47.05229813572285,205800.0
2023-05-22,46.99606704711914,47.12728804397923,46.99606704711914,47.108541676498646,122700.0
2023-05-23,46.69612121582031,46.92107399659783,46.69612121582031,46.8085958184575,160300.0
2023-05-24,46.32120895385742,46.58365450514388,46.32120895385742,46.58365450514388,263900.0
2023-05-25,46.39619445800781,46.50866907979526,46.31183759779128,46.41494082422302,250900.0
2023-05-26,46.84609603881836,46.84609603881836,46.48992223540053,46.51804357218597,238500.0
2023-05-30,46.75236892700195,46.93045404531203,46.69612982756012,46.93045404531203,315500.0
2023-05-31,46.68675994873047,46.70550631582008,46.47118209045594,46.70550631582008,251900.0
2023-06-01,46.96794128417969,47.08979086429834,46.65863163668696,46.65863163668696,283400.0
2023-06-02,47.34286117553711,47.427218033017525,47.23038655739777,47.27725068366386,193900.0
2023-06-05,47.23038482666016,47.41784490035876,47.23038482666016,47.35223441088978,250800.0
2023-06-06,47.5865592956543,47.5865592956543,47.22101411319535,47.34286012367929,199700.0
2023-06-07,47.22101593017578,47.5303220289643,47.22101593017578,47.380354677172114,132100.0
2023-06-08,47.54906463623047,47.54906463623047,47.29599407967886,47.32411541407576,89000.0
2023-06-09,47.47407913208008,47.61467149132472,47.47407913208008,47.558435977828125,201000.0
2023-06-12,47.66154098510742,47.74589784036705,47.511573639701815,47.53969497512406,147700.0
2023-06-13,47.92398452758789,48.008341379338326,47.78338858283603,47.84899907025266,263600.0
2023-06-14,47.88650131225586,48.1208255497252,47.73653394329564,48.04584007749304,182800.0
2023-06-15,48.261417388916016,48.43012753598048,47.95210770570625,47.95210770570625,178600.0
2023-06-16,48.252044677734375,48.5144866693521,48.23329831040397,48.5144866693521,96300.0
2023-06-20,48.09270095825195,48.15831144938912,47.94273361058079,48.15831144938912,171900.0
2023-06-21,47.92398452758789,48.08332326117016,47.83025270591885,47.84899907025266,141800.0
2023-06-22,47.90523910522461,47.90523910522461,47.774018127811125,47.85837498122029,114400.0
2023-06-23,47.64280319213867,47.69903871787388,47.558446328031934,47.69903871787388,113300.0
2023-06-26,47.65216827392578,47.73652512685508,47.595929180138434,47.60530415018805,107500.0
2023-06-27,47.73652648925781,47.89586522961432,47.62405187397653,47.65216963392097,84700.0
2023-06-28,47.87712097167969,47.96147424892601,47.76464278434437,47.783389148900255,128000.0
2023-06-29,47.88650131225586,47.88650131225586,47.69904120717956,47.78339807568869,119000.0
2023-06-30,48.22391891479492,48.280154431953456,48.08332297089184,48.14893345791238,344600.0
2023-07-03,48.28953170776367,48.35514219791728,48.2332926124162,48.2332926124162,242100.0
2023-07-05,48.16298675537109,48.22909252742401,47.99299945509376,48.15354461757541,169100.0
2023-07-06,47.6152458190918,47.690797326231525,47.36026848873056,47.690797326231525,176400.0
2023-07-07,47.766361236572266,48.04967225692364,47.55859814048356,48.04967225692364,213600.0
2023-07-10,47.813568115234375,47.813568115234375,47.643580821718295,47.690798713807375,178400.0
2023-07-11,48.16298675537109,48.16298675537109,47.82301215481643,47.8702300487836,221100.0
2023-07-12,48.63516998291016,48.63516998291016,48.2763075257942,48.2763075257942,130600.0
2023-07-13,48.99403381347656,49.03180596594697,48.70127711624167,48.70127711624167,227600.0
2023-07-14,48.76738357543945,48.98458876581486,48.76738357543945,48.89015297956271,266300.0
2023-07-17,48.98458862304688,48.98458862304688,48.7107234027161,48.78627131099877,141700.0
2023-07-18,49.15457534790039,49.15457534790039,48.88070652826169,48.975145915634144,154000.0
2023-07-19,49.19235229492188,49.23957018850518,49.11680078319308,49.11680078319308,133500.0
2023-07-20,48.946815490722656,49.19235069084604,48.85237610414117,49.19235069084604,137600.0
2023-07-21,48.880706787109375,49.03180620521117,48.880706787109375,48.98458831252204,115300.0
2023-07-24,48.965702056884766,49.0695835857384,48.94681778117903,48.965702056884766,119800.0
2023-07-25,49.03180694580078,49.12624633509978,48.91848328113634,48.91848328113634,133600.0
2023-07-26,49.19235229492188,49.249015928718464,49.00347711809425,49.04125287395865,72500.0
2023-07-27,48.8051643371582,49.36234417918534,48.795718596067495,49.20179900309547,99300.0
2023-07-28,49.25846099853516,49.26790313681612,49.04125579312733,49.04125579312733,86600.0
2023-07-31,49.296234130859375,49.3056762686374,49.192352602829246,49.28678839058698,111400.0
2023-08-01,49.04125213623047,49.14513366204769,48.92792847283637,48.98458850328627,151100.0
2023-08-02,48.43685531616211,48.682390524930966,48.408521697942895,48.682390524930966,153800.0
2023-08-03,48.42740631103516,48.42740631103516,48.18187111881985,48.304640516174565,80300.0
2023-08-04,48.32353210449219,48.71072823186915,48.32353210449219,48.38964148422325,136600.0
2023-08-07,48.62572860717773,48.62572860717773,48.40851982006538,48.550177098183134,104900.0
2023-08-08,48.39907836914063,48.48407201671791,48.23853681399146,48.33297259907987,106400.0
2023-08-09,48.37074661254883,48.51240028508128,48.29519510520287,48.41796450339298,147800.0
2023-08-10,48.43685531616211,48.79571419032472,48.23853800109946,48.50296108784966,118100.0
2023-08-11,48.09687805175781,48.25741960195988,48.04966016066862,48.068548037603136,179200.0
2023-08-14,48.12521362304688,48.16298938127795,47.88912053784453,47.93633843438609,151800.0
2023-08-15,48.1063232421875,48.1063232421875,47.71913074669119,48.03077533214877,86900.0
2023-08-16,47.50191879272461,47.82300547031335,47.45470090535736,47.72856969557885,109700.0
2023-08-17,47.2280502319336,47.60580053769445,47.2280502319336,47.55858265009782,164600.0
2023-08-18,47.2752799987793,47.34138577348688,47.06751693398716,47.19028634522747,328200.0
2023-08-21,47.30361175537109,47.37915967103178,47.12418230349414,47.27528173731017,150300.0
2023-08-22,47.31305313110352,47.48304044171782,47.27528097512948,47.48304044171782,120000.0
2023-08-23,47.77579879760742,47.83246243724541,47.49248780440698,47.49248780440698,91100.0
2023-08-24,47.350830078125,47.84190414306004,47.350830078125,47.80412838364318,129100.0
2023-08-25,47.5869140625,47.6246898146865,47.24693949780956,47.45470253234127,102500.0
2023-08-28,47.83245849609375,47.851342771922376,47.70024334783231,47.70024334783231,329600.0
2023-08-29,48.3140869140625,48.33297479243617,47.75690711076968,47.75690711076968,187400.0
2023-08-30,48.39907836914063,48.47462987920678,48.32352685907446,48.351860476596414,144500.0
2023-08-31,48.34241485595703,48.48407213643371,48.31408484085941,48.380190611083385,112300.0
2023-09-01,48.33297348022461,48.66350233655413,48.257421968781095,48.54073653419993,239300.0
2023-09-05,48.068546295166016,48.33296935767572,48.01188266641649,48.33296935767572,177500.0
2023-09-06,47.85134506225586,48.06855387212023,47.71913351016075,48.06855387212023,92100.0
2023-09-07,47.794681549072266,47.8135694269249,47.643582128745486,47.76635153354047,86800.0
2023-09-08,47.80413055419922,47.93634211566661,47.75691265403156,47.75691265403156,67800.0
2023-09-11,48.03077697753906,48.04021911568197,47.90800756671421,47.92689544549454,298000.0
2023-09-12,47.88911819458008,48.01188760157655,47.87967605673162,47.964669707345415,94100.0
2023-09-13,47.898563385009766,47.99299917238783,47.813569735371765,47.87022976680085,112500.0
2023-09-14,48.17243194580078,48.238541324537366,48.01189037564017,48.068554013488125,132800.0
2023-09-15,47.88911819458008,48.14409914642148,47.87967605673162,48.10632339003881,788400.0
2023-09-18,47.88911819458008,47.93633608881121,47.78523666577495,47.90800607277141,134100.0
2023-09-19,47.794681549072266,47.86078732030933,47.67191214427727,47.80412368675141,291400.0
2023-09-20,47.59636688232422,48.0118894107076,47.45470959179864,47.97411365290151,110600.0
2023-09-21,47.0108528137207,47.303609529052245,46.98252279699312,47.303609529052245,217200.0
2023-09-22,47.07695770263672,47.25639074518984,47.05807342683638,47.095845580931496,166900.0
2023-09-25,46.97307586669922,47.00140588053656,46.74642494851808,46.89752435980746,201700.0
2023-09-26,46.538665771484375,46.84086461915678,46.500893617396144,46.831422481258336,139500.0
2023-09-27,46.48200225830078,46.689761698958485,46.255351338272014,46.623655931136376,171300.0
2023-09-28,46.77475357055664,46.77475357055664,46.38756111549276,46.482000496297374,120900.0
2023-09-29,46.66143035888672,46.98251705168138,46.576436716603006,46.94474129900106,165000.0
2023-10-02,46.34979248046875,46.55755192900571,46.22702307735989,46.55755192900571,215200.0
2023-10-03,45.8204345703125,46.21887501989598,45.74454339159282,46.0860627429892,190500.0
2023-10-04,46.07658004760742,46.10503879095285,45.74454931236532,45.886846647956105,261600.0
2023-10-05,46.12400817871094,46.19041431954823,45.94376345627591,46.09554943802732,189900.0
2023-10-06,46.408599853515625,46.53192707707467,45.82042971008924,46.0006780257977,595300.0
2023-10-09,46.645774841308594,46.68372224355831,46.23785293314628,46.23785293314628,185800.0
2023-10-10,46.92088317871094,47.06318411285313,46.683717367716,46.683717367716,284300.0
2023-10-11,47.11061477661133,47.12009981639406,46.86396393476775,47.0916410781829,237800.0
2023-10-12,46.7216682434082,47.08216131623299,46.59834099923016,47.07267265652364,146700.0
2023-10-13,46.645774841308594,46.95883548157354,46.52245121229221,46.95883548157354,216500.0
2023-10-16,46.82602310180664,46.863970503982806,46.66474845198966,46.66474845198966,775000.0
2023-10-17,46.712181091308594,46.88293715086229,46.46552661410056,46.5603951125895,152100.0
2023-10-18,46.218875885009766,46.54142154304777,46.171439826201045,46.49398548423905,201000.0
2023-10-19,45.886837005615234,46.33270985827366,45.867863307750746,46.22835632945039,345500.0
2023-10-20,45.67813873291016,45.92478959531842,45.63070267345262,45.82992471412984,142200.0
2023-10-23,45.66865158081055,45.89633236958652,45.33662086682826,45.53583929521764,297100.0
2023-10-24,45.92478942871094,45.94376312865247,45.72557100761969,45.85838328834719,313200.0
2023-10-25,45.564300537109375,45.78249267810878,45.42200320282119,45.78249267810878,558200.0
2023-10-26,45.31764221191406,45.47891322139952,45.19431498069032,45.46942818154983,289300.0
2023-10-27,45.279693603515625,45.47891200479648,45.11842259834432,45.47891200479648,495000.0
2023-10-30,45.48841094970703,45.55481709848397,45.28919250337621,45.393542437980194,352100.0
2023-10-31,45.63070297241211,45.65916533204576,45.41251084915824,45.583270531507054,355000.0
2023-11-01,46.03863143920898,46.076578841919,45.62122086598938,45.62122086598938,410300.0
2023-11-02,46.68372344970703,46.72167085293718,46.46553130942903,46.4845050110441,359200.0
2023-11-03,47.148563385009766,47.26240195964257,47.04420985040343,47.04420985040343,360000.0
2023-11-06,47.05369567871094,47.186511573347794,46.95883080140485,47.14856417488012,530200.0
2023-11-07,47.11061477661133,47.18650957032501,46.94934376826416,47.06318233997175,244700.0
2023-11-08,47.148563385009766,47.21496952178416,47.025236151487455,47.18651078284172,215700.0
2023-11-09,46.87345886230469,47.33830552470104,46.84500011809028,47.33830552470104,328500.0
2023-11-10,47.1865119934082,47.2339444324835,46.8544776821549,47.0442110573192,422500.0
2023-11-13,47.19599914550781,47.24343158670551,46.97780702090776,46.97780702090776,353400.0
2023-11-14,48.05928421020508,48.14466405476116,47.67033238919701,47.67033238919701,339300.0
2023-11-15,48.040306091308594,48.19209206557564,48.00235869302606,48.10671222887148,233700.0
2023-11-16,48.07825469970703,48.15414587931917,47.95492746161624,48.00235990123172,455900.0
2023-11-17,48.32490158081055,48.32490158081055,48.144656877557125,48.23952174898253,433900.0
2023-11-20,48.49566268920898,48.54309512633476,48.23003814621429,48.23003814621429,489800.0
2023-11-21,48.41028594970703,48.476692089701054,48.37234216889846,48.41028594970703,322000.0
2023-11-22,48.54309844970703,48.618993249394585,48.4197748285096,48.54309844970703,271500.0
2023-11-24,48.55258941650391,48.55258941650391,48.48618327305304,48.55258941650391,298800.0
2023-11-27,48.55258941650391,48.60002185913118,48.45772453124936,48.46720957222945,798700.0
2023-11-28,48.65694427490234,48.75180916271739,48.48618458174445,48.48618458174445,475700.0
2023-11-29,48.79923629760742,48.95102227291635,48.75180385886022,48.89410479396494,501800.0
2023-11-30,48.76130294799805,48.80873539689108,48.62848702468812,48.713866880241135,582800.0
2023-12-01,49.19767379760742,49.19767379760742,48.71385354232302,48.75180093859295,989300.0
2023-12-04,48.93205261230469,48.9889700917444,48.79923671626472,48.92256395315598,590300.0
2023-12-05,48.979488372802734,49.05537955682298,48.84667608661977,48.90359356991911,638000.0
2023-12-06,49.140750885009766,49.29253684561057,48.97947988512387,49.24510441145959,494600.0
2023-12-07,49.16921615600586,49.22613363281677,49.00794152769467,49.08383632192651,696000.0
2023-12-08,49.16921615600586,49.23562229152724,48.97948278928921,48.97948278928921,602900.0
2023-12-11,49.302032470703125,49.32100617081728,49.13127278853907,49.15973152927866,1056200.0
2023-12-12,49.41586685180664,49.41586685180664,49.15024231051519,49.33048701798254,421100.0
2023-12-13,50.07993698120117,50.10839572245227,49.39689824026805,49.42535698151914,513100.0
2023-12-14,50.42145156860352,50.5447751815685,50.20325584349903,50.20325584349903,477400.0
2023-12-15,50.28863906860352,50.42145496814542,50.22223292826418,50.42145496814542,418600.0
2023-12-18,50.34555435180664,50.41196048447384,50.27914821913944,50.298121916881904,894500.0
2023-12-19,50.630157470703125,50.63964612992229,50.49734519254008,50.51631889211526,753200.0
2023-12-20,50.32658767700195,50.73451318823266,50.24120783467777,50.6301596455183,378100.0
2023-12-21,50.65862274169922,50.6870814832664,50.41196825190577,50.50683675523531,539700.0
2023-12-22,50.68161392211914,50.81574236844864,50.59538797023217,50.7774189110042,454700.0
2023-12-26,50.863651275634766,50.93071550725479,50.66245858077472,50.66245858077472,412800.0
2023-12-27,51.08399963378906,51.13190212858106,50.92113042055104,50.94987118648103,308300.0
2023-12-28,51.036094665527344,51.18938483426817,51.02651197419773,51.13189965046815,416800.0
2023-12-29,50.959449768066406,51.06483744850249,50.89238554501182,51.0360966828294,348400.0
2024-01-02,50.59538650512695,50.71993225612581,50.50916055573685,50.56664208551295,1388200.0
2024-01-03,50.36544799804688,50.49957643670066,50.22173686821733,50.45167394499943,362700.0
2024-01-04,50.22173690795898,50.45167398492303,50.2121578715015,50.24089863559981,218600.0
2024-01-05,50.24089431762695,50.499572136457154,50.12592761638872,50.22173259163299,485800.0
2024-01-08,50.56664276123047,50.662451403347504,50.24090068748454,50.24090068748454,847900.0
2024-01-09,50.45167922973633,50.57622864498657,50.38461500338456,50.40377673301738,331400.0
2024-01-10,50.61455154418945,50.68161576979914,50.528325589158975,50.56664539327437,291800.0
2024-01-11,50.71035385131836,50.74867730813062,50.35587101261995,50.65286866609997,761100.0
2024-01-12,50.7869987487793,50.98819507617195,50.71993452455712,50.796581440654535,504400.0
2024-01-16,50.355865478515625,50.5762198488802,50.250477811227,50.49957294367917,534200.0
2024-01-17,50.058868408203125,50.10677090061508,49.88641651173938,50.10677090061508,274700.0
2024-01-18,50.29838562011719,50.31754734844435,50.068448534917216,50.16425717655303,411500.0
2024-01-19,50.56664276123047,50.59538718122858,50.221738959061135,50.35587105802499,384100.0
2024-01-22,50.68161392211914,50.81574236844864,50.62412873595247,50.64329046467469,731800.0
2024-01-23,50.70076751708984,50.71992924411928,50.557060046457714,50.70076751708984,156300.0
2024-01-24,50.75825881958008,51.0456774502325,50.74867978227301,51.007357646278045,213600.0
2024-01-25,50.978614807128906,50.99777653706394,50.8444863523099,50.96903576952453,337000.0
2024-01-26,50.99776840209961,51.0935770364918,50.959444948342735,50.98818936602324,264100.0
2024-01-29,51.26602935791016,51.29477377788331,50.99777246966734,51.074419383294426,457700.0
2024-01-30,51.20854949951172,51.2947754527947,51.112740854349454,51.285192760915415,420300.0
2024-01-31,50.94986724853516,51.35225255935865,50.89238206639217,51.25644757717947,214000.0
2024-02-01,51.39058303833008,51.40974476833016,51.0840026677815,51.09358536014469,555500.0
2024-02-02,51.3618392944336,51.42890351818453,51.15106393137285,51.20854911804199,336800.0
2024-02-05,51.10315704345703,51.19896202494368,50.90196438949961,51.19896202494368,222000.0
2024-02-06,51.342681884765625,51.342681884765625,51.11274477347163,51.11274477347163,184300.0
2024-02-07,51.467227935791016,51.505547739558985,51.38100198154231,51.40974274804982,156200.0
2024-02-08,51.40016174316406,51.43848154546513,51.33309752072967,51.43848154546513,131600.0
2024-02-09,51.54386901855469,51.57261343857292,51.380999808930696,51.40016153736752,183200.0
2024-02-12,51.61093521118164,51.76422538980271,51.58219444479211,51.62051790312891,141600.0
2024-02-13,50.94029235839844,51.12232696903149,50.77742313280714,51.02651831745453,129200.0
2024-02-14,51.39058303833008,51.40974476833016,51.13190516541853,51.13190516541853,137100.0
2024-02-15,51.68758392333984,51.70674565317387,51.48639124217196,51.534293739393895,125100.0
2024-02-16,51.57261276245117,51.75464369812554,51.524706614624165,51.658835057197486,138300.0
2024-02-20,51.4959716796875,51.64926186780077,51.41932475826768,51.62052109963152,312400.0
2024-02-21,51.4959716796875,51.50555071750179,51.29477899305002,51.41932475826768,184700.0
2024-02-22,52.01332092285156,52.05164437876325,51.78338384210736,51.78338384210736,323800.0
2024-02-23,52.12828826904297,52.185773453608746,52.02290059136869,52.07080308447719,156200.0
2024-02-26,51.99415588378906,52.15702507895298,51.94625339431296,52.15702507895298,129300.0
2024-02-27,52.03248596191406,52.07080576553833,51.96542173716392,52.07080576553833,108800.0
2024-02-28,51.91751480102539,51.9749999876809,51.8408715402108,51.92709749283102,117200.0
2024-02-29,52.0899658203125,52.17619177146618,51.96542006676633,52.04206332627736,100100.0
2024-03-01,52.4636116027832,52.49235602364936,52.08038798692009,52.08038798692009,179300.0
2024-03-04,52.386962890625,52.48276787094072,52.35822212747543,52.35822212747543,66200.0
2024-03-05,52.233680725097656,52.463614174943366,52.118714000174805,52.329485720078985,144300.0
2024-03-06,52.51152038574219,52.6648105707191,52.40613269830938,52.46361423347179,285500.0
2024-03-07,52.88516616821289,52.923489628997416,52.722293287241854,52.722293287241854,96200.0
2024-03-08,52.77977752685547,53.124681358245184,52.73187502910163,52.98097021025737,121100.0
2024-03-11,52.6648063659668,52.703126168106856,52.5402569585151,52.703126168106856,78600.0
2024-03-12,52.95222473144531,52.96180376825332,52.60732093074134,52.74144937440933,133700.0
2024-03-13,52.87557601928711,52.96180196652976,52.79893276325246,52.96180196652976,403000.0
2024-03-14,52.62648391723633,52.9522259973859,52.46361104979851,52.9522259973859,401300.0
2024-03-15,52.4636116027832,52.63606350907574,52.396547378639006,52.588161013933615,177400.0
2024-03-18,52.56900024414063,52.70312869487642,52.54983851478892,52.59774466553128,96600.0
2024-03-19,52.722286224365234,52.74144795219052,52.49235279991359,52.53067625556416,116700.0
2024-03-20,53.08635711669922,53.11509788398318,52.693550793337934,52.693550793337934,385500.0
2024-03-21,53.22048568725586,53.33545241137056,53.210906649715575,53.22048568725586,131500.0
2024-03-22,53.143836975097656,53.25880368742738,53.143836975097656,53.23964195958478,113600.0
2024-03-25,53.03844833374024,53.143836007592974,53.03844833374024,53.12467428009922,106500.0
2024-03-26,53.01928329467773,53.17257345032749,53.01928329467773,53.17257345032749,79100.0
2024-03-27,53.345027923583984,53.345027923583984,53.11509085157703,53.20131679673892,315100.0
2024-03-28,53.33544921875,53.4025170964224,53.18215904419748,53.31629114481623,84800.0
2024-04-01,53.134254455566406,53.33544711647523,53.06719023526346,53.26838289617229,146700.0
2024-04-02,52.91398239135742,52.923603421652345,52.76007893077015,52.923603421652345,121900.0
2024-04-03,53.01016998291016,53.096740901696826,52.81778975567894,52.86588389514984,75900.0
2024-04-04,52.75045776367188,53.37569259120277,52.72160201356505,53.37569259120277,240700.0
2024-04-05,52.93321990966797,53.02941186429116,52.66388977541879,52.66388977541879,126800.0
2024-04-08,52.99093627929688,53.05826881437994,52.9332211052194,53.00055364030247,150300.0
2024-04-09,53.09674835205078,53.18331928298478,52.83703555924877,53.08712732119803,129800.0
2024-04-10,52.49074935913086,52.69274696533108,52.375322679780446,52.60617603848127,242400.0
2024-04-11,52.67350769042969,52.7600786158275,52.31760662794884,52.53884262188817,169500.0
2024-04-12,52.1733283996582,52.53884685246118,52.11561322162964,52.50037373645701,94900.0
2024-04-15,51.7885627746582,52.461891774492095,51.70199185083173,52.461891774492095,546800.0
2024-04-16,51.576942443847656,51.71160750550206,51.423038992050095,51.69237278470663,273100.0
2024-04-17,51.5,51.80780694810687,51.40380803537394,51.80780694810687,270700.0
2024-04-18,51.44227981567383,51.71160995172331,51.36532992080879,51.54808913179267,222000.0
2024-04-19,51.29799270629883,51.51922867920332,51.221039149107234,51.42303673271382,187700.0
2024-04-22,51.60580062866211,51.7404656870936,51.384560981984514,51.40379937166725,238900.0
2024-04-23,52.0290412902832,52.05789704406934,51.68275756745699,51.75009010585674,110400.0
2024-04-24,51.91360855102539,52.04827361211869,51.77894348993209,52.00017947163504,352600.0
2024-04-25,51.759708404541016,51.81741990906698,51.35570952611952,51.41342469999344,125300.0
2024-04-26,52.12522506713867,52.1733228784133,51.99056000200449,52.029036783285065,116900.0
2024-04-29,52.317604064941406,52.35608084531058,52.18293900299705,52.2887483143384,136800.0
2024-04-30,51.7308464050293,52.21179515530096,51.7308464050293,52.17332204398353,143600.0
2024-05-01,51.721229553222656,52.202178308224525,51.644275991135416,51.75970633426628,240900.0
2024-05-02,52.24065399169922,52.25989238181684,51.78856099730458,52.00017961925062,203500.0
2024-05-03,52.654273986816406,52.72160652238916,52.45227271075016,52.69274710046656,484100.0
2024-05-06,52.93321990966797,52.9524583005926,52.788937481755,52.798554842543375,370000.0
2024-05-07,53.01979446411133,53.144842179008826,52.97170031818095,53.06788861004171,130300.0
2024-05-08,52.95245361328125,52.99093039172459,52.81778855807711,52.81778855807711,316000.0
2024-05-09,53.18331527709961,53.20255366800788,52.92360250385974,52.97169664645648,157200.0
2024-05-10,53.18331527709961,53.29874195320137,53.11598274359459,53.29874195320137,74000.0
2024-05-13,53.19293594360352,53.36607780319016,53.16408019012178,53.36607780319016,121100.0
2024-05-14,53.44302749633789,53.46226588704673,53.26988564930613,53.33721818211317,101300.0
2024-05-15,53.94321823120117,53.94321823120117,53.62579026743421,53.74121695000943,228600.0
2024-05-16,53.81816864013672,53.98168946230038,53.80854760980477,53.96245107098443,108900.0
2024-05-17,53.84702682495117,53.875882578554666,53.75083853337411,53.82778843276613,150900.0
2024-05-20,53.81816864013672,53.92397795770048,53.78930921848882,53.78930921848882,185700.0
2024-05-21,53.895118713378906,53.895118713378906,53.77007467343573,53.77007467343573,125500.0
2024-05-22,53.66426467895508,53.80854710845848,53.57769375351388,53.80854710845848,94900.0
2024-05-23,53.36607360839844,53.88549914632939,53.32759682721515,53.88549914632939,211000.0
2024-05-24,53.62578582763672,53.68350099882,53.4911207642235,53.4911207642235,129300.0
2024-05-28,53.53922271728516,53.7604587350793,53.4237960274248,53.7316029799513,168900.0
2024-05-29,53.11598587036133,53.24102991460423,53.087126447626126,53.16408001578922,98600.0
2024-05-30,53.2121696472168,53.31797895979118,53.10636033464241,53.17369286639924,149500.0
2024-05-31,53.519981384277344,53.519981384277344,53.04865361945066,53.2891280172372,80600.0
2024-06-03,53.71236038208008,53.72197774325379,53.4141708148228,53.64502784582005,190900.0
2024-06-04,53.66426467895508,53.69312043098618,53.481501797830354,53.60654950554497,96100.0
2024-06-05,54.05864334106445,54.05864334106445,53.683503881597744,53.84702470470971,181400.0
2024-06-06,54.04902267456055,54.08749945767463,53.97207277768038,54.077882096570114,116500.0
2024-06-07,53.75083923339844,53.93359845751428,53.68350669454796,53.79893337981333,81400.0
2024-06-10,53.798927307128906,53.82778305785104,53.60654707383657,53.61616810364246,142800.0
2024-06-11,53.81816864013672,53.81816864013672,53.5199790787614,53.63540575730916,63100.0
2024-06-12,54.21254348754883,54.46263522211527,54.15482831679607,54.30873176945567,119100.0
2024-06-13,54.16444778442383,54.26063606355648,54.02977905655142,54.24139767386042,132300.0
2024-06-14,54.11635208129883,54.12597311119506,53.952831266540834,53.98168701753394,67500.0
2024-06-17,54.27025985717773,54.30873664113106,53.94321820161864,54.02978546149152,87900.0
2024-06-18,54.45301818847656,54.46263554898587,54.327970485768965,54.34720887613535,258900.0
2024-06-20,54.366455078125,54.46264337442992,54.27026311247178,54.42417025751693,169700.0
2024-06-21,54.27988052368164,54.32797466862661,54.21254798688908,54.31835730737684,77900.0
2024-06-24,54.30873107910156,54.51072867014685,54.29911371877223,54.32796946910793,102000.0
2024-06-25,54.38568878173828,54.404927173210055,54.24140268037397,54.347211998794734,90800.0
2024-06-26,54.25101852416992,54.26063588431237,54.14520921586495,54.16444760549746,73300.0
2024-06-27,54.28949737548828,54.38568933382362,54.23178586983509,54.26064162266169,139800.0
2024-06-28,54.17406463623047,54.539586698330254,54.11634946768389,54.38568325155365,169500.0
2024-07-01,54.10673522949219,54.2702560457877,54.01054694571222,54.26063868514883,101500.0
2024-07-02,54.3529167175293,54.3529167175293,54.07184690485079,54.07184690485079,127600.0
2024-07-03,54.72120666503906,54.73090076657351,54.44013687600347,54.44013687600347,76600.0
2024-07-05,54.9635124206543,54.98289692826246,54.71152121618164,54.8859780874384,116800.0
2024-07-08,54.95381927490234,55.05073811089306,54.90535985690699,55.05073811089306,155300.0
2024-07-09,54.94412612915039,54.992589245205735,54.86659179845184,54.992589245205735,71400.0
2024-07-10,55.32212066650391,55.33181107176983,55.04105084997367,55.04105084997367,114800.0
2024-07-11,55.3511962890625,55.622572006588754,55.29304276507107,55.55472807720719,80100.0
2024-07-12,55.60318374633789,55.80671921796432,55.47718999868416,55.506264910109394,154900.0
2024-07-15,55.54503631591797,55.748568099094285,55.47719238819253,55.6613396638449,107000.0
2024-07-16,55.87456512451172,55.88425552959162,55.60318571845681,55.6419547332099,100600.0
2024-07-17,55.47718811035156,55.64195086577514,55.45780360432235,55.53533793122271,84400.0
2024-07-18,55.16704559326172,55.59349737694165,55.03135773380606,55.59349737694165,101300.0
2024-07-19,54.84721374511719,55.099204971059095,54.81813882983619,55.070130055778094,237400.0
2024-07-22,55.16704559326172,55.205814609453874,54.98289831217432,55.09920166353389,190700.0
2024-07-23,55.07981872558594,55.23489108714909,55.07012462330383,55.128278145346286,134700.0
2024-07-24,54.42076110839844,54.96351253367616,54.381992093102376,54.96351253367616,111600.0
2024-07-25,54.314151763916016,54.769674783569926,54.246307831260815,54.43045512029393,113200.0
2024-07-26,54.75997924804688,54.87628259353002,54.59521648338048,54.65336630751371,101100.0
2024-07-29,54.74059677124024,54.86659422356325,54.64367792927904,54.84720971572765,61100.0
2024-07-30,54.72120666503906,54.90535762202894,54.54674980958362,54.85689450878964,101900.0
2024-07-31,55.31242752075195,55.45780948277309,55.07012671552798,55.234893185633055,120000.0
2024-08-01,54.76966857910156,55.42872701927804,54.5855213109292,55.24457975110568,117900.0
2024-08-02,54.39168167114258,54.527369525398505,54.1009214552775,54.527369525398505,139100.0
2024-08-05,53.48062896728516,53.77138916661409,52.88941446689362,52.89910856862728,280900.0
2024-08-06,53.626014709472656,53.98461885744153,53.40309472042566,53.47093864849499,183500.0
2024-08-07,53.45155334472656,54.19783649075352,53.45155334472656,54.06214864602134,205000.0
2024-08-08,54.120304107666016,54.15907312104368,53.655087038783776,53.66477744351989,250300.0
2024-08-09,54.343223571777344,54.40137709525004,54.08153826197543,54.22692022204877,149000.0
2024-08-12,54.39168167114258,54.46921970055553,54.23660930953342,54.36260675872109,109700.0
2024-08-13,54.95381927490234,54.97320378154381,54.604905549789216,54.62429005643068,126600.0
2024-08-14,55.09920120239258,55.13797021826026,54.91505392284635,55.09920120239258,77500.0
2024-08-15,55.47718811035156,55.53533793122271,55.2445777352175,55.2445777352175,190400.0
2024-08-16,55.68072509765625,55.709800010817474,55.467499208562415,55.467499208562415,103300.0
2024-08-19,56.03932571411133,56.05871022073473,55.75825591389682,55.77764042052022,83000.0
2024-08-20,56.01025390625,56.12655725521808,55.942409977917215,56.08778823982312,53200.0
2024-08-21,56.25255584716797,56.32039977687629,56.08778937700713,56.17501781480596,125300.0
2024-08-22,55.85517883300781,56.30101139677737,55.84548473102082,56.28162689002,90800.0
2024-08-23,56.48516082763672,56.49485492999485,56.126556681938126,56.1653256969371,116800.0
2024-08-26,56.36885452270508,56.56269589031413,56.27193568750885,56.53362097919857,101800.0
2024-08-27,56.39793395996094,56.42701257062673,56.136248647270016,56.3107055223973,90700.0
2024-08-28,56.14594268798828,56.36885898435693,56.019945234487096,56.36885898435693,136600.0
2024-08-29,56.18470764160156,56.47546784639746,56.16532313498629,56.310701388775946,98900.0
2024-08-30,56.407623291015625,56.43669820200508,56.107168987663925,56.32039486083072,94500.0
2024-09-03,55.79702758789063,56.27193877976931,55.69041464498622,56.27193877976931,105800.0
2024-09-04,55.82610321044922,55.990869678092025,55.69041535310622,55.73887477398346,79600.0
2024-09-05,55.79702758789063,55.99086896615165,55.661339732272936,55.87456561808175,153300.0
2024-09-06,55.2348861694336,55.893940874487,55.20580756239294,55.797022043595256,166800.0
2024-09-09,55.632266998291016,55.71949543706378,55.4578101207455,55.48688503459744,124900.0
2024-09-10,55.73887252807617,55.74856663019111,55.43842191241336,55.700107211266456,110300.0
2024-09-11,56.03932571411133,56.05871022073473,55.29303884658483,55.7097964959466,85100.0
2024-09-12,56.262245178222656,56.29132378841157,55.9133314336902,56.019944377543645,179100.0
2024-09-13,56.50454330444336,56.56269682485186,56.39793036563608,56.40762446764581,67800.0
2024-09-16,56.68869400024414,56.698384404991046,56.46577402168244,56.601465568655485,312300.0
2024-09-17,56.640228271484375,56.83406963242829,56.53361903532085,56.76622571068038,93200.0
2024-09-18,56.46577835083008,56.969764472291416,56.456087945340215,56.6014699082064,114500.0
2024-09-19,57.08606719970703,57.163601529406776,56.91161033636183,57.066682692977935,100600.0
2024-09-20,56.9600715637207,57.01822508575503,56.75653978242568,56.93099665131192,82800.0
2024-09-23,57.04730224609375,57.09576166775685,56.97945831632204,57.01822733253927,140000.0
2024-09-24,57.30898284912109,57.32836735563637,57.05698796163915,57.18298540538012,308500.0
2024-09-25,57.10545349121094,57.28960447420707,57.07637857693449,57.2799103713036,99500.0
2024-09-26,57.48344421386719,57.580363056819714,57.3768312682893,57.580363056819714,97000.0
2024-09-27,57.45436477661133,57.64820615694443,57.434980268856336,57.57067182314128,110200.0
2024-09-30,57.41559600830078,57.4543613242646,57.1829856264349,57.42528641298759,151700.0
2024-10-01,57.299293518066406,57.49313490214201,57.07637722040536,57.45436588588351,192800.0
2024-10-02,57.2506103515625,57.32850412225216,57.02667133209887,57.18245515929876,137100.0
2024-10-03,56.97798538208008,57.12403062008757,56.92930363607758,57.046140569319405,75400.0
2024-10-04,57.18245315551758,57.18245315551758,56.92930583800579,57.11429796564212,134500.0
2024-10-07,56.91956329345703,57.06561224111511,56.77351805997798,57.0461388004821,113500.0
2024-10-08,56.98772048950195,57.01693250857179,56.80272836822908,56.91956530197094,134900.0
2024-10-09,57.05587387084961,57.11429419296074,56.8319348740255,56.89035519613663,76900.0
2024-10-10,56.99746322631836,57.06561841882261,56.88062256987156,56.98772464785808,84800.0
2024-10-11,57.22140121459961,57.29929126997999,56.9974621983844,56.9974621983844,114700.0
2024-10-14,57.45507049560547,57.45507049560547,57.153241448171485,57.21165805648564,110500.0
2024-10-15,57.15324401855469,57.45507307956299,57.10456227137715,57.37718302691477,94800.0
2024-10-16,57.34797286987305,57.36744259677207,57.18245047779848,57.23113222340425,74600.0
2024-10-17,57.20192337036133,57.41612750598764,57.20192337036133,57.41612750598764,309700.0
2024-10-18,57.44533920288086,57.48428608696381,57.35771057078387,57.425865760839386,68100.0
2024-10-21,57.085086822509766,57.27981751855227,56.987719617398966,57.26034407753011,81400.0
2024-10-22,57.026668548583984,57.08508887374968,56.909831612431816,56.97798680136885,89900.0
2024-10-23,56.66641998291016,56.80273036275849,56.46195441313766,56.77352205684222,109400.0
2024-10-24,56.78325271606445,56.80272615662643,56.62746890574767,56.79299129343495,241300.0
2024-10-25,56.656681060791016,57.03640760629327,56.656681060791016,56.96824870260368,109000.0
2024-10-28,56.82220458984375,56.90983322298258,56.77352284125092,56.77352284125092,133400.0
2024-10-29,56.83193588256836,56.87088276466693,56.617735459384406,56.7735192735996,103400.0
2024-10-30,56.66641998291016,56.92930587869449,56.6372079628146,56.70536686691805,97600.0
2024-10-31,56.12117767333984,56.46195735489512,56.1017042303213,56.46195735489512,285500.0
2024-11-01,56.20880126953125,56.50089546025804,56.16985438698657,56.26722159334827,157400.0
2024-11-04,56.24774932861328,56.4716883366606,56.21854102318339,56.40353314787138,190100.0
2024-11-05,56.656681060791016,56.70536652259489,56.30617024938621,56.30617024938621,136200.0
2024-11-06,56.94877624511719,57.00719285379488,56.5787882953824,56.8903559222604,492800.0
2024-11-07,57.50375747680664,57.542700645320494,57.17271640227438,57.17271640227438,207400.0
2024-11-08,57.40639114379883,57.455072890816446,57.28955420812071,57.377182838424105,111700.0
2024-11-11,57.33823394775391,57.46480945691174,57.30902564340175,57.43560115255958,139200.0
2024-11-12,56.9682502746582,57.22140131197881,56.83193989187605,57.14350754228651,220700.0
2024-11-13,56.900089263916016,57.06561165049398,56.81246063906392,57.06561165049398,192100.0
2024-11-14,56.74430847167969,57.026667801680205,56.71510016656901,56.909830867058304,197900.0
2024-11-15,56.45221328735352,56.61773567982737,56.364584659380085,56.56905021992504,205800.0
2024-11-18,56.637203216552734,56.65667665692478,56.38405592007405,56.38405592007405,154200.0
2024-11-19,56.74430847167969,56.7929939324364,56.41326739510164,56.48142258314602,315100.0
2024-11-20,56.70536422729492,56.70536422729492,56.432739766109584,56.63720532636425,233500.0
2024-11-21,56.83193588256836,56.890356205716216,56.60799688177021,56.81246244151907,270900.0
2024-11-22,57.00719451904297,57.01693309689312,56.792994090669225,56.792994090669225,243300.0
2024-11-25,57.27007675170898,57.38691367919657,57.13376638394365,57.24086844838183,272800.0
2024-11-26,57.299293518066406,57.31876696122037,57.11430137937307,57.27008521042522,184600.0
2024-11-27,57.28955459594727,57.445338415965765,57.27008115417255,57.445338415965765,352600.0
2024-11-29,57.63032913208008,57.69848431953508,57.42586356971506,57.43560214745386,129500.0
2024-12-02,57.75690460205078,57.78611290688796,57.57191248111676,57.62059422723844,238400.0
2024-12-03,57.698486328125,57.82506184388169,57.698486328125,57.74717179015554,188800.0
2024-12-04,57.99058532714844,57.99058532714844,57.76664631150493,57.79585461792559,456400.0
2024-12-05,58.00032043457031,58.06847562595736,57.93216524318327,58.01979387699223,225500.0
2024-12-06,58.08794784545898,58.17557647742311,58.000319213494855,58.11715615138726,269700.0
2024-12-09,57.932167053222656,58.19505296286319,57.92243218879722,58.165844655407405,466300.0
2024-12-10,57.75690460205078,57.932161859432135,57.71795771948178,57.92242699587946,470000.0
2024-12-11,57.92243194580078,58.01979544636461,57.85427303839075,57.85427303839075,359100.0
2024-12-12,57.64007186889648,57.88348433142208,57.620598426192906,57.83480258175285,306100.0
2024-12-13,57.52322769165039,57.68874636254293,57.435599067595824,57.5621708579799,355000.0
2024-12-16,57.59138488769531,57.64006663294236,57.503756260579,57.56217286920382,1213700.0
2024-12-17,57.44533920288086,57.4940209508949,57.36744543471496,57.47454750885343,390200.0
2024-12-18,56.29642868041992,57.50375601393521,56.276955239568814,57.328498760454295,435000.0
2024-12-19,56.2672233581543,56.63720761139575,56.22827647438806,56.63720761139575,702700.0
2024-12-20,56.57029724121094,56.82613620280308,56.04877343871483,56.0881344339355,473300.0
2024-12-23,56.69821548461914,56.70805761037087,56.32429728681902,56.46205701797392,961500.0
2024-12-24,57.01309585571289,57.01309585571289,56.65885815628487,56.708057523955056,276100.0
2024-12-26,57.06229782104492,57.06229782104492,56.82613560587278,56.86549660067998,449800.0
2024-12-27,56.75725555419922,56.86549641272573,56.55061596265101,56.776936051537774,1117600.0
2024-12-30,56.40301513671875,56.629335229727495,56.28493590420791,56.46205662980973,535500.0
2024-12-31,56.40301513671875,56.64901572742449,56.29477427622084,56.53093649491365,625900.0
2025-01-02,56.284934997558594,56.65885694043602,56.12749477218985,56.53093558430171,464600.0
2025-01-03,56.58013916015625,56.668699528119,56.39318005164437,56.442379421918936,258600.0
2025-01-06,56.76709747314453,57.04262069942937,56.68837923254264,56.78677797171282,660400.0
2025-01-07,56.39318084716797,56.98358080613403,56.38333872077141,56.98358080613403,192300.0
2025-01-08,56.50141525268555,56.50141525268555,56.21605741328149,56.34397502093216,175900.0
2025-01-10,55.76341247558594,56.137334427008994,55.73389360567688,56.08813505927018,575400.0
2025-01-13,55.72405242919922,55.78309016604617,55.46820972395922,55.59613107657922,718600.0
2025-01-14,55.92085647583008,55.98973634142033,55.70437475330576,55.86181498232222,170300.0
2025-01-15,56.61949920654297,56.64901807747747,56.42269797507996,56.471897344527896,417800.0
2025-01-16,56.62933349609375,56.776935347467,56.51125426719775,56.5998146272875,1307000.0
2025-01-17,56.80645751953125,57.03277761877187,56.80645751953125,56.835976390054,373100.0
2025-01-21,57.39685821533203,57.43621545608813,57.160696002440304,57.20005699686743,950100.0
2025-01-22,57.46574020385742,57.57397731202813,57.4362175801098,57.46574020385742,530500.0
2025-01-23,57.60350036621094,57.63301923650796,57.39686076678934,57.42637963708636,515400.0
2025-01-24,57.51493835449219,57.80029993809506,57.51493835449219,57.72157794799588,261500.0
2025-01-27,57.37718200683594,57.41653925053384,57.14101977629202,57.33782100946674,1265700.0
2025-01-28,57.6231803894043,57.6231803894043,57.308299929927045,57.387018167960775,112000.0
2025-01-29,57.51493835449219,57.67237858101944,57.31813713291534,57.67237858101944,236000.0
2025-01-30,57.78062057495117,57.928218678778215,57.6133382195418,57.6133382195418,229900.0
2025-01-31,57.56413650512695,58.00693830590059,57.47557614497222,57.81013708848219,465600.0
2025-02-03,57.25909423828125,57.3968577175815,56.91469492420813,56.99341315870871,253700.0
2025-02-04,57.60350036621094,57.62318086429936,57.25909728017041,57.25909728017041,255000.0
2025-02-05,57.8494987487793,57.89869811528263,57.64285915726269,57.67237802643047,151300.0
2025-02-06,58.0266227722168,58.05614164306389,57.82982154133656,58.01678064615359,125900.0
2025-02-07,57.6231803894043,58.05614008276772,57.6133382636056,57.98726021686152,160300.0
2025-02-10,57.88886260986328,57.92821985281212,57.81014061662313,57.91838148049272,112400.0
2025-02-11,57.839656829833984,57.89869832205146,57.652697734985246,57.652697734985246,100800.0
2025-02-12,57.71173858642578,57.800298946933175,57.43621537947445,57.505095242794525,90600.0
2025-02-13,58.26277923583984,58.26277923583984,57.84950004355668,57.9183799089372,372500.0
2025-02-14,58.331661224365234,58.41038321833465,58.30214235346234,58.37102222134994,60800.0
2025-02-18,58.43989944458008,58.43989944458008,58.28245921743736,58.321820212640816,108800.0
2025-02-19,58.331661224365234,58.38086434743175,58.21358198708238,58.272623482559446,95500.0
2025-02-20,58.38086318969727,58.40053993412814,58.184061962347705,58.38086318969727,94100.0
2025-02-21,57.98726272583008,58.44974506292892,57.91838285694361,58.44974506292892,648800.0
2025-02-24,57.8494987487793,58.07581883763145,57.770776759437126,57.99709684828928,96000.0
2025-02-25,57.89870071411133,58.085659816684206,57.72157998381231,58.085659816684206,133100.0
2025-02-26,58.0266227722168,58.25294287394412,57.9085397814859,58.006942273761645,71100.0
2025-02-27,57.47557830810547,58.01677886112126,57.43621731240621,57.997098363271625,129400.0
2025-02-28,57.869178771972656,57.869178771972656,57.27877511775694,57.51493733017743,667500.0
2025-03-03,57.554298400878906,58.09549893604135,57.33781668534552,57.98725807827466,123200.0
2025-03-04,57.23941421508789,57.61333615465631,56.95405638978114,57.32797457567854,126300.0
2025-03-05,57.72158432006836,57.77078369247608,57.23942146166112,57.337823960148064,255000.0
2025-03-06,57.14101791381836,57.534620367338576,57.091818545546126,57.36733801080757,144700.0
2025-03-07,57.573978424072266,57.573978424072266,56.9638979907911,57.13118034968812,146800.0
2025-03-10,56.76709747314453,57.05245907187787,56.35381826422421,56.97374083127598,149800.0
2025-03-11,56.39318084716797,56.70806132577272,56.16686073777527,56.59982045743895,241600.0
2025-03-12,56.58013916015625,56.6490190292749,56.284939184837526,56.57030078756987,103000.0
2025-03-13,56.17669296264648,56.43253191588762,56.09797097477476,56.36365205333535,141900.0
2025-03-14,56.835975646972656,56.85565614495426,56.46205744633572,56.46205744633572,143800.0
2025-03-17,57.101654052734375,57.28861689792791,56.80645410424106,56.80645410424106,128700.0
2025-03-18,57.0229377746582,57.1016560119108,56.826136551020014,57.1016560119108,92800.0
2025-03-19,57.318138122558594,57.47557835180418,56.94421617047363,57.022938161932,575800.0
2025-03-20,57.16069793701172,57.35749916213695,57.04261870340504,57.1016564433728,266000.0
2025-03-21,57.11149978637695,57.11149978637695,56.845818689846055,56.9934167965824,223100.0
2025-03-24,57.37718200683594,57.42638137671179,57.20989964485247,57.20989964485247,218500.0
2025-03-25,57.46574020385742,57.56413893989304,57.42637920797471,57.45589807805116,86300.0
2025-03-26,57.25909423828125,57.49525644912496,57.003255284065645,57.49525644912496,74400.0
2025-03-27,57.03277969360352,57.18038155892942,56.88518158194897,57.04262181991663,108100.0
2025-03-28,56.54077911376953,56.98358096103345,56.52109861459431,56.88518221882875,117300.0
2025-03-31,56.649017333984375,56.70805882874976,56.06845577330731,56.30461799869766,161400.0
2025-04-01,56.81629943847656,56.90485980339337,56.471896351057325,56.51125734739173,233700.0
2025-04-02,57.081146240234375,57.081146240234375,56.577141918564266,56.60678812282039,91200.0
2025-04-03,55.62842559814453,56.34984546955142,55.62842559814453,56.04348753654444,400500.0
2025-04-04,53.790283203125,54.986061139270205,53.790283203125,54.94653035546465,377800.0
2025-04-07,53.08863067626953,54.35358564492242,52.41662240670689,52.82180353071997,817700.0
2025-04-08,52.73286056518555,54.39311582809717,52.35732564932472,54.155934889168456,460400.0
2025-04-09,55.252891540527344,55.4801879060476,52.34744661664635,52.34744661664635,538100.0
2025-04-10,54.363468170166016,54.827945486676526,53.51357887997317,54.827945486676526,345100.0
2025-04-11,55.02559280395508,55.02559280395508,53.99781502773569,54.3437037367769,642500.0
2025-04-14,55.292423248291016,55.54936582276872,55.094773084150994,55.3517156586287,529800.0
2025-04-15,55.51971435546875,55.628422123935664,55.39124119547486,55.420891167696816,335600.0
2025-04-16,54.907005310058594,55.40112881575431,54.748885939030494,55.28253646008585,265100.0
2025-04-17,55.04535675048828,55.38136086966369,55.04535675048828,55.05523756140683,238600.0
2025-04-21,54.4622917175293,55.00582680302127,54.25476075631904,55.00582680302127,661900.0
2025-04-22,55.26277160644531,55.44065637181971,54.94653286130488,55.08489061093413,248600.0
2025-04-23,55.707481384277344,56.270781863080494,55.61853900499984,56.1324278886184,169500.0
2025-04-24,56.37948989868164,56.41902068295985,55.75689324082073,55.75689324082073,243000.0
2025-04-25,56.60678863525391,56.63643860964165,56.24113828995326,56.28066907589475,148900.0
2025-04-28,56.67596435546875,56.7747913181075,56.4289026036666,56.63643734027641,288200.0
2025-04-29,56.98232269287109,57.00208808554037,56.67596476129204,56.68584934255827,240200.0
2025-04-30,56.94279098510742,57.04161794685291,56.33007890173791,56.68584842429541,154600.0
2025-05-01,57.011966705322266,57.28867842219181,56.982320502389584,57.16020525971177,210000.0
2025-05-02,57.53573989868164,57.57526691245371,57.35785514218675,57.545620709658905,197400.0
2025-05-05,57.34796905517578,57.54561919829719,57.34796905517578,57.496207604982565,198900.0
2025-05-06,57.28868103027344,57.407269617266,57.10091168351675,57.20961945903626,137700.0
2025-05-07,57.28868103027344,57.41715042873904,57.14044246913534,57.18985406622697,229800.0
2025-05-08,57.38750076293945,57.6444470840985,57.27879299397701,57.45667774866774,552300.0
2025-05-09,57.427032470703125,57.585151836322375,57.33809009192586,57.4665632545737,344100.0
2025-05-12,58.1583366394043,58.23739821192572,57.90139406843622,58.02986723885189,570400.0
2025-05-13,58.39551544189453,58.46469243037786,58.12868829923177,58.12868829923177,361500.0
2025-05-14,58.28680419921875,58.50421973286129,58.23739260608078,58.50421973286129,204800.0
2025-05-15,58.60304641723633,58.62281180964392,58.2373960823537,58.2373960823537,270300.0
2025-05-16,58.79081344604492,58.83034045944111,58.563513327236194,58.62280950212495,216100.0
2025-05-19,58.89952087402344,58.90940545534515,58.40539736410759,58.51410513946719,288500.0
2025-05-20,58.8501091003418,58.889639885783566,58.7117551211588,58.889639885783566,108600.0
2025-05-21,58.26704025268555,58.810575330405605,58.20774784739504,58.73151753339725,171400.0
2025-05-22,58.34610366821289,58.44492686007023,58.128688122291,58.26704209883653,144200.0
2025-05-23,58.16822052001953,58.34610528618609,57.871747166363015,57.871747166363015,132600.0
2025-05-27,58.8896369934082,58.92916777690841,58.58327907607611,58.77104841277059,177800.0
2025-05-28,58.63269805908203,58.88964062796537,58.59316727314206,58.88964062796537,124600.0
2025-05-29,58.8501091003418,58.98846307952479,58.66234352428818,58.98846307952479,159700.0
2025-05-30,58.869873046875,58.909403831345664,58.49433813412991,58.721634490041566,150300.0
2025-06-02,59.02799224853516,59.03787682955651,58.61293032235228,58.70187270222905,287900.0
2025-06-03,59.16634750366211,59.16634750366211,58.86987415428136,58.86987415428136,113400.0
2025-06-04,59.3541145324707,59.41340693811533,59.2355221814554,59.30469916794948,87700.0
2025-06-05,59.176231384277344,59.43317394540173,59.04775821878359,59.43317394540173,130800.0
2025-06-06,59.36399459838867,59.43317158401453,59.23552143799938,59.26517141031259,115400.0
2025-06-09,59.492469787597656,59.56164677558259,59.33435041936593,59.4727043953358,153800.0
2025-06-10,59.65059280395508,59.65059280395508,59.46282345091538,59.49247342605305,140800.0
2025-06-11,59.72964477539063,59.84823712463414,59.58140999363069,59.84823712463414,148400.0
2025-06-12,59.92729949951172,59.92729949951172,59.61106075042696,59.61106075042696,161800.0
2025-06-13,59.3343505859375,59.62094311974428,59.26517359775836,59.5320007392478,278100.0
2025-06-16,59.60118103027344,59.86800818654931,59.60118103027344,59.69012341569873,339600.0
2025-06-17,59.3046989440918,59.591291469835774,59.3046989440918,59.591291469835774,252000.0
2025-06-18,59.37388229370117,59.60117865408986,59.29482072320258,59.324466927207965,152400.0
2025-06-20,59.28493881225586,59.522115979626335,59.176231039768105,59.522115979626335,197500.0
2025-06-23,59.59129333496094,59.61105872734084,59.1663468234508,59.23552381184891,177900.0
2025-06-24,60.13483047485352,60.17436126095697,59.81859172575243,59.94706489565701,178000.0
2025-06-25,60.05577087402344,60.09530165894306,59.98659388534566,60.08541707778159,152600.0
2025-06-26,60.441184997558594,60.49059659246463,60.24353484807142,60.34236180774653,143800.0
2025-06-27,60.60919189453125,60.74754587494843,60.39177634252527,60.42142254693945,115500.0
2025-06-30,60.84636688232422,60.88589766669761,60.64871673032037,60.77718989460234,209000.0
2025-07-01,60.81672286987305,60.885899860087,60.68824970096289,60.79695747697431,707800.0
2025-07-02,61.10551834106445,61.10551834106445,60.67730140375645,60.796802656368165,166300.0
2025-07-03,61.185184478759766,61.20510198730928,61.00593070069041,61.09555758972509,105800.0
2025-07-07,60.73705291748047,61.015890435220506,60.55779914211151,61.015890435220506,179100.0
2025-07-08,60.84659576416016,60.85655641809129,60.67730263609496,60.84659576416016,167600.0
2025-07-09,61.24493789672852,61.24493789672852,60.84659531768705,61.03580975222612,115200.0
2025-07-10,61.155311584472656,61.2250209666324,60.9561402930692,61.135394075444665,155900.0
2025-07-11,60.866512298583984,60.95613918814709,60.80676357145948,60.81672042635478,134200.0
2025-07-14,60.936222076416016,60.96610023904924,60.80676396755207,60.83663833130892,160600.0
2025-07-15,60.747013092041016,61.205104410185065,60.69722121813431,61.205104410185065,154600.0
2025-07-16,60.896392822265625,60.896392822265625,60.5179677406729,60.83664029394788,192900.0
2025-07-17,61.10551834106445,61.11547519591696,60.84659452838336,60.91630390897989,216800.0
2025-07-18,61.0656852722168,61.22502154707485,61.0358109078298,61.15531216425424,131300.0
2025-07-21,61.22502136230469,61.45406701929214,61.18518634399128,61.18518634399128,149300.0
2025-07-22,61.394317626953125,61.41423133701811,61.18518568250691,61.284773227213776,98400.0
2025-07-23,61.742862701416016,61.792654572851575,61.49389954536192,61.49389954536192,158900.0
2025-07-24,61.67315673828125,61.76278363138104,61.66319608411655,61.74286612192815,102600.0
2025-07-25,61.802616119384766,61.81257297426522,61.55365295973366,61.65323670404357,180600.0
2025-07-28,61.54369354248047,61.75282168905876,61.49390166932512,61.75282168905876,108000.0
2025-07-29,61.5636100769043,61.68311133036058,61.503857550737976,61.64328011179272,125700.0
2025-07-30,61.36444091796875,61.66319596141475,61.244939660365645,61.583529722638175,208300.0
2025-07-31,61.2051010131836,61.62336108831392,61.1453522873623,61.62336108831392,207000.0
2025-08-01,60.91630554199219,61.10551997914912,60.70717739459641,61.10551997914912,309300.0
2025-08-04,61.48394393920898,61.48394393920898,61.15531074308325,61.15531074308325,170000.0
2025-08-05,61.394317626953125,61.54369324569883,61.284773227213776,61.44410949986836,158100.0
2025-08-06,61.553653717041016,61.66319431757908,61.39431744485901,61.47398368151182,343300.0
2025-08-07,61.67315673828125,61.94203741758063,61.52377731682276,61.91215925396304,122400.0
2025-08-08,61.90219879150391,61.92211629979617,61.74286252404208,61.74286252404208,194000.0
2025-08-11,61.81257247924805,61.95199123971594,61.75281995381482,61.9320737312382,139000.0
2025-08-12,62.22087478637695,62.27066666043828,61.862367214933045,61.862367214933045,160000.0
2025-08-13,62.539546966552734,62.55946447583394,62.40012820046077,62.42004570974198,142400.0
2025-08-14,62.39017105102539,62.430002270523495,62.250748486714485,62.35033603265085,219500.0
2025-08-15,62.33041763305664,62.5295889232077,62.33041763305664,62.5295889232077,194400.0
2025-08-18,62.3702507019043,62.43996008144742,62.2706631605025,62.43996008144742,158100.0
2025-08-19,62.24079132080078,62.45988012189045,62.1710819384316,62.33041821225779,125700.0
2025-08-20,62.20095443725586,62.23083259942978,61.95199127943891,62.14120571066063,342400.0
2025-08-21,62.00178527832031,62.0814553150156,61.912158386476335,62.06153780584178,153300.0
2025-08-22,62.728759765625,62.81838665560944,62.09141088191548,62.09141088191548,307700.0
2025-08-25,62.45988082885742,62.66900897833204,62.45988082885742,62.66900897833204,215400.0
2025-08-26,62.58933639526367,62.59929704895339,62.35033389097879,62.4499176346181,183500.0
2025-08-27,62.57938003540039,62.649089416274514,62.40012625633082,62.46983563720495,260400.0
2025-08-28,62.74867248535156,62.79846815590543,62.60925372510385,62.71879812212028,257600.0
2025-08-29,62.55946350097656,62.63913353685989,62.45987975499881,62.629172882936274,136300.0
2025-09-02,62.19099807739258,62.22087244092795,61.91215675518256,61.95199177248061,260100.0
2025-09-03,62.40012741088867,62.45987993797621,62.2905830106664,62.2905830106664,128000.0
2025-09-04,62.79846954345703,62.79846954345703,62.45987949014148,62.48975385403285,195500.0
2025-09-05,62.95780563354492,63.21672565056598,62.738716835305006,63.18685128676103,152600.0
2025-09-08,63.20676803588867,63.20676803588867,63.05738862090664,63.19680738215583,428000.0
2025-09-09,63.196807861328125,63.23664287880888,63.02751473534944,63.23664287880888,223700.0
2025-09-10,63.316314697265625,63.43581595419765,63.22668780484749,63.40593779080729,208700.0
2025-09-11,63.74452972412109,63.76444343394439,63.41589652889154,63.41589652889154,246800.0
2025-09-12,63.605106353759766,63.73456825922168,63.5851888453136,63.73456825922168,149700.0
2025-09-15,63.92378234863281,63.92378234863281,63.80427729859406,63.86402602473716,247200.0
2025-09-16,63.88394927978516,63.98353302564416,63.78436553392615,63.98353302564416,220100.0
2025-09-17,63.814239501953125,64.11299073767644,63.51548066847707,63.96361891869116,185600.0
2025-09-18,63.933738708496094,64.0134087459725,63.70469684794261,63.923785652126256,279200.0
2025-09-19,63.9835319519043,64.03332762287455,63.82419188300162,64.03332762287455,143400.0
2025-09-22,64.1229476928711,64.15282205494498,63.88394519852772,63.943693922675486,209500.0
2025-09-23,64.0333251953125,64.25240638511912,63.94369451051456,64.212578967156,220700.0
2025-09-24,63.75448226928711,63.9934923717676,63.72461170479153,63.97357106435124,495700.0
2025-09-25,63.54536056518555,63.625026803777104,63.336228616270205,63.625026803777104,124000.0
2025-09-26,63.72461318969727,63.77440506276945,63.54535940753627,63.67481751774867,140400.0
2025-09-29,63.96361923217773,64.02336796006468,63.87398854259454,64.01340730616593,150200.0
2025-09-30,64.11299133300781,64.12295198695024,63.883949476601735,63.98353322276755,202400.0
2025-10-01,64.35199737548828,64.40178544654927,64.1428692424265,64.17274360461357,190900.0
2025-10-02,64.44999694824219,64.58999633789062,64.23999786376953,64.58999633789062,178000.0
2025-10-03,64.54000091552734,64.72000122070312,64.4800033569336,64.62000274658203,167900.0
2025-10-06,64.5999984741211,64.69000244140625,64.55000305175781,64.62000274658203,230100.0
2025-10-07,64.38999938964844,64.68000030517578,64.37000274658203,64.66000366210938,197500.0
2025-10-08,64.66000366210938,64.66000366210938,64.47000122070312,64.5,216100.0
2025-10-09,64.43000030517578,64.66000366210938,64.30000305175781,64.66000366210938,232300.0
2025-10-10,63.43000030517578,64.54000091552734,63.40999984741211,64.5,318200.0
2025-10-13,64.08999633789062,64.12999725341797,63.83000183105469,63.970001220703125,236200.0
2025-10-14,64.08000183105469,64.27999877929688,63.52999877929688,63.77000045776367,201000.0
2025-10-15,64.3499984741211,64.58999633789062,64.0,64.51000213623047,189400.0
2025-10-16,64.29000091552734,64.58000183105469,64.0999984741211,64.52999877929688,226500.0
